149 9.448927270627145
0.15 0.225 0.15 0.275 0.2 0.275
0.15029110060262757 0.22561048145249774 0.1502545011450055 0.27561046805729295 0.2002544653083784 0.27567033174767197
0.18012426418902916 0.28848859987046654 0.17591729455069235 0.3383112995811618 0.22547776608990122 0.3449264081072004
0.16901562556497676 0.2965510597629936 0.12967956598074418 0.32741648404949425 0.15809079630619116 0.36856015903599004
0.15700420629389025 0.3052687424064621 0.10823857912665044 0.2942272929098714 0.09359781259257696 0.34203574357808225
0.1406659251672452 0.3171267873707835 0.13367520077121475 0.2676179015782437 0.08373125835168307 0.2699848860721738
0.12399424990647909 0.3291550684436428 0.1668504417125243 0.30339954818325077 0.1462658393886126 0.25783339685173706
0.05063192506286304 0.3756612664356128 0.07783187221680636 0.3337069713655882 0.06234836691998112 0.28616476839051364
0.002495264793663501 0.4072613590391037 0.01602566839553262 0.3591268788988703 0.003840768155807776 0.3106343206435261
0.02154728496320033 0.4909970912722439 0.027698760215351476 0.4413769406051795 9.010345103479117E-4 0.39916459765860296
0.022309032295911885 0.491230827458263 0.02781755744270413 0.4415351923309487 1.352318650623928E-4 0.3998976029361069
0.05907459598894718 0.5108883118751618 0.04622497893929356 0.46256763988400207 0.006313887854637976 0.43244945918807814
0.0965128252595194 0.4982154172334972 0.10585304580398008 0.44909556096150843 0.07622584126394813 0.40881865999900746
0.08041640030475854 0.47043875912973426 0.12877416266050246 0.4577294389297631 0.15133229504990311 0.4131073517631785
0.08104536452924882 0.4775901533996314 0.11654853696182765 0.44238326845900405 0.09525237490465706 0.3971453034115494
0.10319770037696117 0.4364239309110187 0.09580564564329777 0.38697337452573094 0.04616674874544899 0.38097504852885994
0.1384524885809893 0.37090910371748764 0.08857614999873661 0.3744234812766711 0.08444191945007831 0.4242522695197193
0.1558980125726649 0.33848966375373696 0.12138773488513835 0.3746703317123279 0.1540953344564121 0.4124884878054694
0.17033341159440457 0.31166401196125476 0.16283431584225774 0.3610984489753458 0.21184544704922936 0.3709933475505214
0.1861092010279277 0.282347480186977 0.21084151895417724 0.3258021974222199 0.2542211422270041 0.3009384027659809
0.19662343676726274 0.286178624746919 0.21447263823143606 0.33288414912135844 0.2603818440309994 0.31307645307024384
0.2678279498329002 0.31507869182082643 0.23401992487677598 0.3519164095645478 0.28110603912575893 0.36873597688751186
0.2692783678370047 0.31518428820766253 0.23584642379366136 0.3523636523426603 0.28305435545047 0.36883821420894636
0.26959317700696506 0.3151192037813244 0.23646597724230867 0.35257035377371515 0.28376708549107643 0.3687754504546472
0.27037424634680646 0.31433921966813944 0.23792117262319445 0.35237601771805166 0.285099697825613 0.3689346033981379
0.2710288164394217 0.31376406559500813 0.2393771601278889 0.3524703009161628 0.2866186722601245 0.36884832068229556
0.27146699589704726 0.31356035842758145 0.24009202324617823 0.35249120854875426 0.2873318220204489 0.3688741695682531
0.2728201681489246 0.31197009680478416 0.24193574733272258 0.3512912431620274 0.2886976614600768 0.3689921862766173
0.2737244422994602 0.3110966781783167 0.24332203427630295 0.3507916852496533 0.2899561094541179 0.3688267353552089
0.2741241998866783 0.3107033151060331 0.24401727930144468 0.35062290093648024 0.2906447204142033 0.36867509568604534
0.2753944240481549 0.31063487373521154 0.24554298153398058 0.3507458620030534 0.29210333832519014 0.36897038327180737
0.2778829383728966 0.31013510836501296 0.24789771878375014 0.3501461894075275 0.29426664739092334 0.36885240387820206
0.28278998893130003 0.30533555023823183 0.25326780523828807 0.34568949267259697 0.29999460748324336 0.36348291707491037
0.35140062602105293 0.32114614387302254 0.30787760211413057 0.3457580594830978 0.3517019061051426 0.3698294196379242
0.35246739863683774 0.32116996919022245 0.3088347290177882 0.3455869743692953 0.35245295334867943 0.37002977507257084
0.3536395397153853 0.3206853461615666 0.3100571949456433 0.3451920641052518 0.3531322527360513 0.3705798445587103
0.3573653113662445 0.32169771724722707 0.31305813895664003 0.34486826909791857 0.3549539678425187 0.37215818522027366
0.3585581449682853 0.32198286681777527 0.31405648061372166 0.3447776440633146 0.35554543769505054 0.37268223938923994
0.3600956085563288 0.3219223033917173 0.31596358245329903 0.34542473458598955 0.35709117715142125 0.3738592374715156
0.36124202293236696 0.3222562145473774 0.31718814129587025 0.34590479828420057 0.3579887276827563 0.3748065655396168
0.3627971241218191 0.3219078844101771 0.318430134917986 0.34496369211641376 0.3582049991558883 0.3752615497115712
0.3633078694323514 0.3215748083870863 0.31879515736432457 0.3443480045691978 0.3581461259699155 0.37519441878222737
0.3812126280438979 0.3207547070330681 0.3401007837307011 0.3492119777589734 0.3838043396158974 0.37350187695574905
0.41725237960206585 0.3811420449570503 0.3731279274208734 0.40465869267116256 0.41744808151682733 0.427804403740622
0.40546743099938093 0.4453736634625893 0.35559241426566124 0.44184057617083144 0.35513016583892165 0.4918384393890929
0.40761241353233174 0.4546037160059239 0.3580718281745424 0.44784129022758135 0.3536362235134112 0.49764415572034343
0.42927789283609935 0.5354658742704134 0.3908021174813796 0.5035344679303672 0.3575593628688615 0.5408830859204871
0.4498342179092992 0.612188331599863 0.4327104566852709 0.5652119886010464 0.3841164895821192 0.5769859582450453
0.46815197519435725 0.6805557730890348 0.47420832088299053 0.6309239216536937 0.42647268238322183 0.6160474698919529
0.4664534258289885 0.6863590113589254 0.4726974390252539 0.6367504203770716 0.424698628549524 0.6227463426525314
0.43839812333481104 0.7641460907866386 0.4442384143113625 0.7144883522023131 0.39434237049669385 0.7177108995867075
0.4101318470328333 0.8425181233207363 0.4155649891162159 0.7928141902057224 0.3698190591412558 0.812996110102651
0.3817716074372175 0.9211506816569364 0.3867958804854281 0.871403755316337 0.35081869782976854 0.906126115952695
0.38147308800500473 0.9219783667189339 0.38649305544914364 0.8722310057149592 0.3506448300388481 0.9070864892854483
0.38191865417195314 0.9225467381253345 0.38687243372635355 0.872792742626215 0.3505908255564927 0.9071968834904872
0.3822596182449562 0.9229185090293348 0.3874749627983291 0.8731912510998089 0.35054817510742714 0.9069019667675465
0.3834887690086415 0.9249236625479622 0.38903726638265657 0.875232474426822 0.3509622595183407 0.9076407118408237
0.3836767486024788 0.9255793563799429 0.3893005637095954 0.8758966360071516 0.3510916868149992 0.9081469340903259
0.38368294999313124 0.9255792195868257 0.3893082073312196 0.8758966624879777 0.3505896232639485 0.907533211728147
0.3844026369089302 0.925526745066091 0.3898839004715205 0.8758280956905051 0.3508352847896299 0.9070563779571942
0.3849391999818886 0.9260090983370592 0.39064188964895663 0.8763353695605609 0.35101119936808134 0.9068215695182686
0.38494310851952246 0.9260150331727599 0.39064881783770256 0.8763416511540526 0.3505308098650335 0.9061836590674767
0.38546596261665755 0.9264266240573381 0.3911335235784187 0.8767488749865043 0.3506464512499173 0.9060882167355399
0.38592115799520543 0.9264915584691921 0.3918484198265983 0.8768441258348442 0.35077626950899266 0.9053586566619156
0.38628000806422635 0.9265792518563636 0.3925577156952593 0.8769749134684839 0.3507284180089229 0.9043666979132375
0.38665235372852835 0.9271556683783919 0.39298958134411954 0.8775588988651647 0.3507253625578687 0.9042747333156909
0.3869873645764184 0.9276525080513606 0.3934071603828006 0.8780663585557166 0.3507670499746494 0.9041780606140022
0.38733718628170444 0.9282827695123946 0.3939625496312118 0.8787236678207073 0.3508212697567686 0.9039987537907879
0.3877506672544129 0.9288731360666164 0.3945662145298013 0.87933983095443 0.35093509433695563 0.9037596047190958
0.387754571573814 0.9288782086326162 0.39457189352484195 0.8793451477397536 0.3505380056595652 0.903030939250029
0.3881637224498958 0.9294713832435392 0.39492309872235953 0.8799303817154387 0.3505548405179331 0.9029837472811288
0.3880813995589227 0.9301526605855601 0.3953466907012142 0.8806833211456834 0.35040885453952353 0.9026057042530248
0.38847889473680053 0.9306926775720897 0.3957442402471171 0.8812233461169778 0.35046867686618244 0.9024394569891186
0.38881135299812986 0.9313317811558243 0.39631763999341313 0.881898435572661 0.3506169903400761 0.9021826812146105
0.3888160502581066 0.9313349472944489 0.3963230015104006 0.8819017025810408 0.3502805166261336 0.9013975889595065
0.3888168617745083 0.9313380764554814 0.3963277130693984 0.8819054241614152 0.349954571296533 0.9006011916533831
0.38882113648608824 0.931340845479946 0.3963333248014095 0.8819083963527264 0.34964147272996104 0.899793332755688
0.3888209171405378 0.9313445745622038 0.39633727562960347 0.8819127593511087 0.3493390972012091 0.8989764993987303
0.3888219893068211 0.9313502890946413 0.39634238099656594 0.8819190873205309 0.349049819596412 0.8981491100011273
0.38882518597845234 0.9313550758492778 0.39634485929144336 0.8819237647877058 0.34877249002539357 0.8973143360056497
0.3888275451713515 0.9313602706943107 0.3963481064756981 0.8819290947254187 0.3485084292269542 0.8964675018161563
0.38883032456533084 0.9313651924250246 0.39635018883024553 0.8819339104121406 0.34825726321641337 0.8956112824514765
0.3888291837015928 0.9313700664310585 0.3963494496410931 0.8819388455256509 0.3480177531468425 0.8947469333605953
0.3888296860769003 0.9313734935521425 0.39635339418016824 0.8819427964462264 0.3477952455363126 0.8938636269660024
0.3888336211920751 0.9313773929631189 0.3963589476338918 0.8819469422070911 0.34758881086777815 0.8929684557063602
0.38883609505309036 0.9313821276786798 0.3963610686744082 0.8819516232103004 0.34739512151249935 0.8920677498671368
0.388841548876159 0.9313823580444421 0.3963660215079953 0.8819517773113297 0.347219140858134 0.8911487399832276
0.38884186635538964 0.9313873576745997 0.396365467414606 0.8819566442759266 0.347054624968885 0.8902295408238886
0.38884458478027506 0.931389900894628 0.3963700540625315 0.88195947188494 0.34691021318825266 0.8892891472318444
0.38884752395468664 0.9313943811625832 0.39637524631124527 0.8819642952217054 0.3467831057881869 0.8883376458586334
0.3888497834947861 0.9313991959298648 0.39637881847463513 0.8819693099066074 0.3466721373779418 0.8873772535408948
0.3888518672552828 0.9314040563783015 0.39638167288493387 0.8819742877446161 0.34657854822711975 0.886406981543902
0.3888546113874366 0.9314066341516841 0.39638611829620657 0.8819771247096195 0.3465048474168386 0.8854207877969613
0.3888576701230999 0.9314105290140459 0.3963893672638196 0.8819810485577385 0.346449191634059 0.8844262189134936
0.38885963074265356 0.9314135953489817 0.3963912995459742 0.8819841105748402 0.3464211801355104 0.8837124525849733
0.3888625356200871 0.9314154263355513 0.3963949654417186 0.8819860575252763 0.3464052128738573 0.8829983016677655
0.3888629731922233 0.9314159069626127 0.3963982429002139 0.8819869709996786 0.34639912516875304 0.8822839997449475
0.38886550485716226 0.9314184595100041 0.39640068132873396 0.8819895093335915 0.3464024438827227 0.8815696852129475
0.38886553734638063 0.9314196493197109 0.396405194725431 0.8819913824412684 0.3464180982862211 0.8808555173184965
0.38886745503441106 0.9314206062847031 0.3964085173922001 0.8819925537384421 0.3464427889415167 0.8801416133308205
0.38886878866210345 0.9314238409045791 0.396410993980021 0.8819959627492063 0.34647697639899466 0.8794281060129857
0.38887298038510854 0.9314224513149594 0.3964156054597527 0.8819946372121351 0.34652326416232965 0.8787152653421795
0.38887391015396927 0.9314230477822785 0.39641384845479544 0.8819948237557191 0.3465734706095057 0.8780027395583662
0.38887701177429485 0.9314244287120466 0.3964167385975467 0.8819961724264892 0.3466385812700853 0.8772913819866822
0.3888788531617431 0.9314243110319366 0.39641947333931477 0.8819961910258348 0.3467135812262504 0.8765810004249043
0.3888807647996627 0.9314243558218085 0.39642225960513455 0.8819963692544898 0.3467987846119126 0.8758717688922557
0.38888357520560185 0.9314260922064622 0.3964244154516621 0.8819980057739146 0.34689368501673506 0.8751637726360569
0.3888880824818314 0.931425342605619 0.3964279148491063 0.8819971024197355 0.3469996639564178 0.8744573402424886
0.388890334795595 0.9314276648125753 0.3964300406678516 0.8819994053311829 0.34711486807641534 0.8737523602678374
0.38889193089538676 0.9314304554007722 0.396432426758032 0.8820023164296817 0.3472405461104376 0.8730491673550361
0.3888947906618484 0.9314308330001222 0.39643558404286183 0.8820027394177792 0.34737659767890283 0.8723479034823071
0.3888963153844721 0.9314314981384563 0.3964384617751409 0.8820036109914041 0.34752247148434867 0.8716486173230759
0.38889808844236795 0.9314340770295554 0.3964407842632214 0.8820062737225696 0.34767818562400005 0.8709514569466023
0.3888976074989771 0.9314371490318711 0.39644090964844025 0.8820094382545965 0.347841934149618 0.8702561586924966
0.38889749966992515 0.9314391317674701 0.3964429488699968 0.8820117487053543 0.3480172792790173 0.8695636755747334
0.38889907672730867 0.9314399761728627 0.3964456961979469 0.8820127717752297 0.3482028816921789 0.8688738658633183
0.38890069097307206 0.9314424623430304 0.3964475039500575 0.8820152874906235 0.34839785468818585 0.8681866503267119
0.38890300782016674 0.9314434604260625 0.3964506543889843 0.8820164128582357 0.3486035254723664 0.8675025486437495
0.388905017786868 0.9314456440213399 0.39645394257505345 0.8820187916580514 0.3488194434381986 0.8668216046821346
0.3889053919624923 0.9314484815235745 0.396453863807625 0.8820215599847689 0.34904217800817894 0.866142893489921
0.3889074246488161 0.931450577121417 0.39645676870278534 0.8820237887940858 0.3492771595165721 0.8654682919112924
0.38890896670461245 0.9314530314360046 0.39645918164103583 0.8820263761332855 0.3495214668128929 0.8647970137912854
0.41222708214967596 0.936870721003215 0.4225063470289483 0.8879387609613185 0.3772816190770841 0.8666145029043574
0.47509980183298645 0.951474002053991 0.4925547534042087 0.9046197101945862 0.4514105202358447 0.876209288216247
0.5371409955879297 0.9658841467668747 0.5612954490394962 0.9221055860498284 0.5252447062416884 0.8874596058540495
0.5456460062255133 0.958612017989617 0.5738215175002274 0.9173065635748734 0.5448478679862407 0.8765569913827551
0.58211479909718 0.9244562232829607 0.6249148766941279 0.8986075606928916 0.6366848520515922 0.8500126259765584
0.5824967582501936 0.9240984895224118 0.6254125072361494 0.8984423306326942 0.6376175298795973 0.8499548330454509
0.5829438383522227 0.9244622142255089 0.6258605337203302 0.89880763844104 0.6391502654996893 0.8506061547581418
0.6590494826765184 0.9863582163711079 0.7021184834223708 0.9609601618244744 0.7157491909446418 0.9128539895339844
0.6734102787690632 0.9779027053924226 0.7089339156691062 0.9427164691430893 0.7093042791644282 0.8927178408530918
0.7423195745381163 0.9318313040664046 0.7198131970764239 0.8871830905125363 0.6709689738086595 0.8764946924394483
0.8013118848413787 0.8923902043889459 0.7513310947578687 0.8910043390895358 0.7222966261380734 0.9317105994430259
0.8333377730026619 0.8709783247603144 0.7908826219610212 0.897389688792327 0.7915715720951029 0.9473849420441383
0.8606599019039307 0.852711286160612 0.8359957066914003 0.8962047049100986 0.8623050817911843 0.9387231336423421
0.8862720928817881 0.8355874784622388 0.8838415273895026 0.885528367034507 0.9274745993368664 0.9099446532475283
0.9218638780055309 0.811791510181833 0.9501229309704468 0.8530398547004447 0.999187820944648 0.8434150652575776
0.920647941048834 0.7857109354982625 0.9057781385673254 0.8334486456880164 0.9436596960268089 0.8660827935157727
0.9192943896881225 0.7635766275859485 0.8751750397206891 0.7871028461187075 0.8796817663699861 0.8368993260636646
0.9181224175963411 0.7444116428671744 0.8689716209526598 0.7352356312449343 0.8417462744906289 0.7771734484273102
0.9167816934423216 0.7224870952571487 0.8879474652430375 0.6816387503194208 0.8392989238028286 0.6931851530380287
0.9150862029100203 0.6947611362771943 0.9327496549929033 0.6479850477220821 0.8955094160674681 0.6146209262024541
0.9010326667303793 0.6576724467201571 0.9023410068910971 0.6076895671910238 0.8556582074924118 0.5897810150356398
0.871962164077675 0.5814519055809951 0.8401969966409254 0.542838771316664 0.7943169783408078 0.5627139800144584
0.8388574663410702 0.49465402644292344 0.7889752783236421 0.4912236738963237 0.7751894913305429 0.5392856347071447
0.8032214260108482 0.40121916876345376 0.7686486732438892 0.43734014281060163 0.7997303138735664 0.4765055818578994
0.7776774162419314 0.3342448109165909 0.7709175012697967 0.3837857389415029 0.8197244142479647 0.3946432361458101
0.813420716873227 0.2798041778123195 0.8101374719428686 0.32969626438651756 0.8598489416395585 0.33506001126673834
0.8494936710519844 0.22575859719837596 0.8494481917920469 0.27575857651474084 0.8994481364564473 0.27583296439616933
0.85 0.225 0.85 0.275 0.9 0.275
