8 4.219627994473607
0.15 0.2 0.15 0.15 0.2 0.15
0.30464664741929526 0.43021275724430724 0.3297513382364676 0.386972099305578 0.37500543516501605 0.40823395978817784
0.6322141987610179 0.470804225361688 0.6383324720480866 0.4211799698812806 0.6882866834009331 0.4233193081236217
0.6322141987610179 0.470804225361688 0.6383324720480866 0.4211799698812806 0.6882866834009331 0.4233193081236217
0.6294310654734133 0.6713598540857361 0.6250122478141551 0.6215554963397092 0.6732978871707752 0.6085748556805424
0.6294310654734133 0.6796828451160593 0.6254188939248755 0.6298440802892189 0.6740567365901801 0.6182526929320006
0.6705514987535837 0.6865143082994787 0.7076282190674633 0.6529685662333633 0.7459501242802824 0.6850844747657356
0.7228992663222437 0.5814055637949437 0.7564683320769608 0.6184611682881302 0.7564116070843617 0.6684611361108721
0.85 0.2 0.8 0.2 0.8 0.15
