69 9.154872897894517
0.193301 0.238602 0.15 0.213602 0.125 0.170301 0.15 0.127
0.19389486288872493 0.23908724418901842 0.15066580673870883 0.21396258092005588 0.12579024698641247 0.17058970313900548 0.15090326271179608 0.12735387955280977
0.2498713553026592 0.2848255251646374 0.21495787386537815 0.24903378290572195 0.20259664369731745 0.20058587285036222 0.2374806721349978 0.16476542394252314
0.30133079986050304 0.32687293529228645 0.27633358957903736 0.28357005457813317 0.2762654422789625 0.2335701010186998 0.318259225469977 0.2064311590108383
0.3122295571374961 0.33555953827217355 0.28933837890061337 0.29110738468061775 0.29078348255301417 0.2411282722892015 0.332997704694857 0.21433350696163897
0.31247303996115383 0.3364887021705693 0.28939438018992203 0.2921335957772382 0.2903775847453823 0.24214326362388955 0.3322078565622262 0.2147529668067874
0.28815715691012944 0.38164806829877157 0.25357617411469147 0.3455349733206113 0.2403336312541447 0.29732050393032783 0.2727372862368847 0.25924159712144546
0.26377231029751397 0.4269355132929908 0.2204386197664274 0.40199175124802217 0.19402435117035013 0.3595384072744989 0.2143317640505016 0.31384804743661776
0.23937041116854532 0.4722546281561505 0.1907720071368158 0.4604989858696237 0.15336309073806992 0.42732410118449415 0.1599051768491517 0.37775393768551835
0.2148234502178548 0.5178431512865165 0.16488426227839587 0.5203084115055199 0.11954150317731391 0.49923629255413654 0.11169875599891863 0.44985520997491624
0.19030377537665566 0.5641638328299177 0.1432750124837223 0.5811430984430193 0.09372452273344307 0.574453631684938 0.0716283191228211 0.52960100872933
0.2220489897649444 0.573455776118563 0.19168455488609393 0.6131798380267824 0.14612372535757234 0.6337762166568474 0.1012034835370175 0.6118178042647168
0.25179937507323197 0.5821638254553451 0.24596817497457102 0.631822632382308 0.21681154293681945 0.6724414803252907 0.16746892785627931 0.6805227139572093
0.2786549975879709 0.5902108589924184 0.2962418338384503 0.6370158073493906 0.28846532290647947 0.6864073640946982 0.2506445319205511 0.7191119168236183
0.28090580300624335 0.6113172355765308 0.2614302777674446 0.6573683367215948 0.22547095324179556 0.6921091913406029 0.17557804101395053 0.6953798654950475
0.2724483479916039 0.6124310954996364 0.24431544934811578 0.6537655848991103 0.204409331761519 0.6838903550918389 0.15541185217596046 0.6739280765240224
0.2664989048054643 0.6133676113903052 0.26875652155199925 0.6633166170523378 0.25128135459758216 0.7101633729689992 0.20531146178958645 0.7298298153321056
0.2658104605004776 0.610517751839425 0.23503606280260214 0.6499250664692371 0.19183233192365082 0.6750932534945107 0.14434878439953608 0.6594307915384471
0.26519114988773573 0.6079540756612655 0.21701240151758605 0.6213259942029632 0.16721416170289977 0.6168387554797622 0.13890320098724068 0.5756260207566647
0.2646147034641026 0.6055678385552838 0.21718815173243994 0.5897336290441044 0.17782658056776515 0.5589007453734478 0.17799424575344483 0.5089010264903829
0.26405935102379363 0.6032689213521707 0.23272487266058253 0.564305470969723 0.215452786463046 0.5173834607998159 0.2431239931649109 0.4757384812745158
0.2634438185295878 0.6015601648193095 0.25135034444135573 0.5530447251688513 0.25465178637953917 0.5031538394167542 0.29728483835817376 0.47703061452037054
0.2504647372609268 0.6007899785985414 0.27339858130731 0.5563598222038564 0.3060833592696518 0.5185219405301631 0.354123734042037 0.5046611183421117
0.25689227095999095 0.5649325703734553 0.2924386967487168 0.5297693564468728 0.3389201003573335 0.5113443973268944 0.3879542961055489 0.5015644358072514
0.26792976956770365 0.5461806466267364 0.30837422160733613 0.5167825803771705 0.3563079462318126 0.5025573196194599 0.40630728714289444 0.5028140460447115
0.24598618073259207 0.5247316583549616 0.2875693485603076 0.49696765011746025 0.33731840989563766 0.49196456144609263 0.3851983927417474 0.5063696731310551
0.33398763662284364 0.49929977524844366 0.3825620059381426 0.48744521302029953 0.43191879780877357 0.49543940442651546 0.47863755091693994 0.5132539520777525
0.33491122683103935 0.49904216605476204 0.3835282399648535 0.4873637229245095 0.43286366294475725 0.495488748425638 0.4795707484638374 0.513333864348863
0.3878485176521102 0.5109547689211773 0.4307335216761851 0.48524725192993373 0.48073073112731046 0.48577550101919237 0.5218213174578411 0.514263458387407
0.3888240796788919 0.5111744931390086 0.4315636935355214 0.48522597858834116 0.4815622702363829 0.48560324227339824 0.522512062847297 0.5142932141298348
0.3888458781174215 0.511201138034136 0.4316916738700025 0.4854283270441002 0.4816916089529019 0.48550889816700477 0.5231213539345589 0.5135013298362053
0.38888450385228274 0.5112215274161962 0.4318316223063241 0.4856179140677928 0.4818311592444272 0.4854027258356201 0.5237208791357475 0.5127020182701636
0.38895032571963034 0.5112353541611597 0.4319890446023023 0.48578601867006416 0.48198645375915594 0.4852770220078277 0.5243115551134212 0.5118962968918505
0.3889514237462499 0.5112419674857273 0.43209625846072147 0.48597295014312114 0.48208975139579724 0.4851663125847779 0.5248614398358705 0.5110619235639632
0.3890763491524572 0.5113112697253293 0.43248380677651094 0.4864961005214737 0.48247799017914567 0.4857334564998463 0.5254864850372678 0.5112338363017018
0.3894090204232879 0.5113875795818794 0.4334284885550856 0.4876750001061318 0.48342783381393006 0.487419121840419 0.5265928710982692 0.5126536132409132
0.4067403673529868 0.5010770827744351 0.45481252782683756 0.4873269050528076 0.5040347653297913 0.4961116267446323 0.5513306060390675 0.512332090720819
0.4528231356574096 0.5126384266274145 0.4972498365938356 0.4896978894953994 0.5470929182211706 0.4857397063401098 0.5934170343565823 0.5045566206533781
0.45351374233468555 0.5128208176878714 0.497868124226613 0.4897407655435398 0.5476949633054865 0.4855831090632565 0.5940007968756524 0.5044449694532631
0.45485814625859694 0.5129517434371611 0.50083216519626 0.49329494861401135 0.5508266316287964 0.49255108967174793 0.5963080457613826 0.5133222468012915
0.4639277647228012 0.5101117355377356 0.5081195242907217 0.4867218149245504 0.558114724239408 0.48602900752643724 0.5995798693522758 0.5139689742545638
0.4648163574120009 0.5098283787631229 0.50879713369486 0.48604411258657054 0.5587918784208264 0.4853191989465766 0.5998112915734841 0.5139095425019027
0.46488109793287336 0.5098556363095412 0.5089573341082448 0.48624874315070155 0.558946842671236 0.4852245197226148 0.6004354961130077 0.513129566498934
0.4653993298230093 0.5098436862406339 0.509685725036246 0.486633447141973 0.5596764997483777 0.4856730078253621 0.6014157124583337 0.5132018676338077
0.46545569104357826 0.5098726741080941 0.5098400098958364 0.48685024504378654 0.5598239033401379 0.4855812311948783 0.6020192028481384 0.5124057852346033
0.4656354368793309 0.5098690971166532 0.5100857337104242 0.48697431361412374 0.5600619979661157 0.48543385555065643 0.6026495694944883 0.5116311598263972
0.46565859298841933 0.509872915056907 0.5101989574076126 0.4871538495522375 0.5601645650309282 0.48529965030920247 0.603181783187582 0.5107853118086193
0.4656913635756117 0.50990354410183 0.5103229886806437 0.48736428855769387 0.5602755391394224 0.4851865138532838 0.6037172518228511 0.5099416668346418
0.46601924070460105 0.5099675751178124 0.5108302079680289 0.48778701577148403 0.5607813436822789 0.4855770291523903 0.6044927680872902 0.5098527655260822
0.4661254299429103 0.5099699753091895 0.5109957131800261 0.4879096561315122 0.5609323573854206 0.4853933959097069 0.6050098760803452 0.5089978943305286
0.4662250855562703 0.509985880369383 0.5111563471777217 0.4880500254942092 0.5610765269658344 0.4852259061761724 0.6055180778578404 0.5081376619865253
0.4665503599780167 0.5100460174853372 0.5116360477775829 0.48842933976557523 0.5615508380301901 0.48551151282789917 0.606220211537472 0.5079758639306341
0.46783054238170313 0.5101596885643975 0.5137284391820816 0.49032580167095663 0.5636955144987303 0.48851158440162284 0.6083735804401251 0.5109586426439935
0.4723716896100958 0.5102442867462741 0.5183688563358058 0.49064171923058275 0.5683456073917197 0.4891171360432125 0.6127680329476972 0.5120659509957026
0.5609345879936021 0.5114735097107147 0.6053196531928536 0.4884525195656712 0.6552580993184703 0.4859722779325081 0.6954845018695079 0.5156680105855657
0.6599250534448416 0.5128474637661298 0.7022085305711944 0.48616212018383337 0.752082536265276 0.4826147893525296 0.7864225446402855 0.5189571038743687
0.6643509727124705 0.5142829369053026 0.7142304892234793 0.5108139554080907 0.7633934789220503 0.5199244133492813 0.7899478404343698 0.5622902708842474
0.6628652928664236 0.5090755739839588 0.705902853667138 0.48362428010084135 0.7534551396410991 0.46817176902171165 0.7971251033680351 0.49252201066503204
0.661304822147551 0.5037824503943903 0.6877942260976866 0.461375947610424 0.7218397830707823 0.4247576454871456 0.771839581199732 0.4246155642980923
0.6752160017243544 0.5078256118380925 0.7212453221661882 0.488298664824722 0.7692764405592387 0.4744058009762289 0.8085967067850262 0.5052913423173354
0.6826752176452896 0.5236840542207721 0.6984284596448949 0.47623054680033083 0.7269249031267743 0.43514584515988985 0.7768689932342973 0.4327819789767858
0.6893824143906702 0.5382060961887896 0.6669358273498304 0.4935277935104424 0.6656222150681788 0.44354505226135227 0.703568112553062 0.4109857392454618
0.7051568259669784 0.541079114396341 0.7106744943272725 0.49138449360227715 0.7384512951991349 0.44980986993200317 0.7882135779495809 0.4449400428853144
0.7226090198248636 0.5441198280006393 0.7570077713138362 0.5078331101000093 0.8048942526515228 0.49344961591064773 0.8464787741379813 0.5212115966170432
0.7535057538012365 0.48911152531995844 0.7747544708629259 0.44385125551041943 0.8157195431296771 0.41518310499142275 0.8634886438083305 0.4299517549078057
0.7856072772849685 0.43158641177980706 0.7904830292043491 0.38182470920422534 0.8195129948399206 0.34111523739240324 0.869510748881646 0.340641327292146
0.8192010372573486 0.3713872484089139 0.8063732669056471 0.3230607721479241 0.8193673131993631 0.2747787386269883 0.8666176437309593 0.2584261772173832
0.8549474793937447 0.3073305333562878 0.8251090417035529 0.2672098698995534 0.8192964409396294 0.2175488824711984 0.8582495573006302 0.18620155841050176
0.8929529269240485 0.23922573809842781 0.8497445278963593 0.21406556613033526 0.8249045558598668 0.17067229719117527 0.85004976276745 0.12745518750560253
0.893301 0.238602 0.85 0.213602 0.825 0.170301 0.85 0.127
