92 7.333341765414645
0.193301 0.238602 0.15 0.213602 0.125 0.170301 0.15 0.127
0.19336203608370542 0.23944102047159235 0.15001650311081183 0.21451784307993954 0.12490412812049985 0.1712816473367205 0.14977347027826515 0.12790520418332216
0.1992352405110965 0.315648371967755 0.15229516204807325 0.298425450209667 0.11747095814389079 0.2625468378836597 0.12919140007058658 0.21393993260217778
0.22682848657097535 0.3188510666869209 0.18059993993457496 0.3379015647351651 0.13073190186576644 0.33427130590584386 0.1026194324065918 0.2929229194692854
0.2507794513332247 0.32163100885815066 0.22527133305868216 0.36463491451905483 0.1828800281152903 0.39114863295303465 0.13443476117422168 0.3787770481310079
0.27256848095483516 0.32465978890101216 0.27475991267998556 0.37461174208598785 0.2534146573853443 0.4198265635100142 0.2074208120663505 0.43943692283289437
0.26536859436689225 0.3764392284739721 0.22636226771535153 0.4077203167087715 0.1836466471508196 0.43370830931664595 0.13690417417178002 0.41595609199587846
0.2694055902422781 0.3881489322884501 0.2470511130537142 0.4328733925940365 0.21558976086371368 0.4717344697584275 0.1667173539622631 0.48229325016428143
0.2734307069810973 0.3998241794982987 0.27176006300067757 0.44979626119088667 0.25518467000176387 0.49696888404494854 0.21987972199650493 0.5323745424394194
0.2771076704217173 0.4101106135216552 0.29222569128019926 0.45777029716855433 0.288977953955111 0.5076647076998676 0.27278624877300384 0.5549704016837393
0.30888842212180645 0.47442289030394996 0.30497019701948685 0.5242691289990367 0.29193844368406957 0.5725409987059875 0.253755273829319 0.6048217288687838
0.3317216608590898 0.48044320079942854 0.2960911974148361 0.515521257683294 0.2532272592125633 0.5412638838467556 0.20323636301993883 0.5422179791555415
0.33030735632659025 0.49441280470408966 0.2806908970728675 0.5005939834851691 0.23073616211685735 0.4984669067411896 0.19416497288529744 0.4643707468666607
0.3761205526014724 0.5020096770949968 0.3261422786328675 0.5005358619372957 0.27848670193571323 0.485404899983023 0.24636315108306522 0.44708940076120235
0.4634498127984396 0.4992859761608373 0.4151424273916054 0.5121854534818602 0.36518791107551235 0.5143176588249715 0.3217401525127309 0.4895731185004827
0.4639870526415701 0.4993004915939981 0.41581894220838456 0.5127106794113421 0.36585851273190423 0.5146995199091283 0.3228373831137931 0.4892204617165325
0.46409581922393695 0.49929734750479093 0.41596302271479446 0.5128337392030791 0.36599099450361655 0.5145059821463264 0.3233647531266845 0.4883716456122659
0.4642968446835719 0.4992917622379576 0.4162069482573506 0.5129797811492285 0.36622610283576335 0.5143636492583341 0.32399436284769784 0.48759650264946997
0.4645791675430304 0.49932876330530573 0.4163829402127912 0.5126375450351226 0.36639358508133296 0.5136692298421 0.3243182066542554 0.4866569635503165
0.46714877974821145 0.4994703233578191 0.41842745585352786 0.5107056514771637 0.36843476860556545 0.5098505364396283 0.3270743652401323 0.4817557498512119
0.46991040963334185 0.4993012345367599 0.42115388789774694 0.51038282234025 0.3711561937212594 0.5099026379648041 0.32900317529125817 0.48301169084053985
0.4708351575401573 0.4990618451783692 0.42214013841725856 0.5104106386217501 0.37214135212410354 0.5100622577792608 0.329790168663562 0.4834844990420845
0.47334804757440657 0.4985521886356247 0.4248948320872651 0.5108926063334434 0.37489553399686126 0.5111575411687154 0.33197800861369625 0.48550435394011965
0.47544586052752486 0.49875887410847536 0.4275493746013485 0.5131090182165877 0.3775717901758044 0.514606033576432 0.33445621328921726 0.4892871270096627
0.47563285606607125 0.4987455255935793 0.4277828598781144 0.513249934054889 0.377797712895621 0.5144685731066716 0.33507049577723486 0.4884996509627263
0.4762384427669203 0.49879791702099074 0.42824513638892303 0.5128208462052833 0.3782529604411474 0.5137053483288789 0.33558121920898226 0.4876453694299018
0.4774386306069864 0.4989291989153389 0.429050777881284 0.5115234717643659 0.37905084319624266 0.5116042894084937 0.33633290165608554 0.485620112096681
0.4778911454982576 0.4989574003509303 0.42961200529063054 0.5119621925758098 0.37961343460684627 0.5123402528601955 0.3368120741733782 0.48649371450310874
0.4800817378162742 0.49905770344423095 0.4320818708646377 0.5130581596019848 0.3820945075443719 0.5141822184473068 0.33909349694102564 0.4886692200525492
0.4826848491401493 0.4990498310266022 0.4342345720337588 0.511401780197238 0.3842359474347602 0.5117726416382223 0.3411841137131224 0.4863454984010348
0.48342166234393974 0.49864702032703023 0.4350599643082146 0.5113413561939173 0.38506291018942124 0.5118841079257875 0.34162860965357617 0.4871159522221044
0.49888125360132296 0.4903307960803912 0.4527491774929191 0.5096137303469502 0.4028916532613626 0.5133856366951721 0.35398956664510456 0.5029651796717975
0.5028091019327476 0.490717154669331 0.45475116413510147 0.5045169595461244 0.4047727180105418 0.5030489939557622 0.35740976725851137 0.487025545635855
0.5089898274712941 0.49119187664830577 0.46292320736148335 0.5106306654906793 0.41308181782257536 0.5146100987205295 0.3646020704168346 0.5023743277405065
0.5090917130068632 0.4911895146196473 0.46307047669843737 0.5107355067572706 0.41320559078747154 0.5144088095063456 0.36492021889452836 0.5014271739714765
0.5094284014471568 0.4912207037371534 0.4635511667533611 0.5111023368906542 0.4136800290143608 0.5146897622372862 0.3655437458956578 0.5011657743817729
0.509719621622075 0.4912623410567697 0.46370039989598116 0.5108130758696768 0.4138068051268812 0.5140733214151604 0.36576831127176346 0.5002059817953266
0.5147823886595014 0.49173900221542005 0.4670306347954998 0.506563643961911 0.4170436940497776 0.5054209476401956 0.3707281309391539 0.4865829909106074
0.5312385036682401 0.48946060094249655 0.4843052248617369 0.5067020434712131 0.43451915554238074 0.5113223575003962 0.38913677010284664 0.49033571670636816
0.532788557443079 0.4897739959619661 0.48512945391484036 0.5048938455275086 0.4352336971122197 0.5081208337663682 0.39003208869336825 0.4867476122883407
0.5331145948013661 0.4898048678252556 0.4855755879167561 0.5052981833008082 0.4357019882172547 0.5088512176397777 0.3904119293746186 0.4876660678874025
0.5358135546510264 0.4900547517816294 0.4894023758336081 0.5086558937029638 0.4397458670871041 0.5145066320417011 0.3940985893252812 0.4941025630128288
0.5360645263132637 0.49011456438524453 0.4895006182906317 0.508330010294139 0.43980323820236117 0.5138227702890755 0.3942871235594624 0.49312776345615816
0.5379721390969694 0.49055004554440046 0.4905829121838353 0.5064956146021509 0.44069937693282285 0.509906319934043 0.39598924224598103 0.48752320450556735
0.5394969484111215 0.49077778066186767 0.49298184036613235 0.5091174841371965 0.4432577342767542 0.5143627938146383 0.3981009964172707 0.4928949335139496
0.5395980291935667 0.4908183497863851 0.49292463704420947 0.508751404887854 0.44316401124462657 0.5136381338586367 0.3981374560120331 0.4918985541965041
0.5406274003611679 0.4910773643768282 0.49329438007796306 0.5071890120538886 0.44339999639006406 0.5104371617432837 0.39902432582512354 0.48739806753557074
0.5436969420816334 0.49138338671415444 0.4969813962557237 0.5092063432081632 0.44718311496407764 0.5136931216067578 0.40253807194859287 0.49118045552418305
0.5449504562000418 0.49163791904383314 0.497654989907635 0.5078594747085594 0.4477476793075754 0.510902556808862 0.40361345521833303 0.48740425337987936
0.5465153346100752 0.49158341410728595 0.4998753439502659 0.5096031608106362 0.4500781279261513 0.5141017468382302 0.40532296095997444 0.4918088100682658
0.5475655016288992 0.4917379081980393 0.5003282084022049 0.5081280921083956 0.4504167329181944 0.5111020818543456 0.4064000043574806 0.48738441740751526
0.5502799359568641 0.49173630705556803 0.5035898565261545 0.5096258705704789 0.453761036222567 0.5137597146837454 0.4091449422192418 0.49118973116832276
0.5563987275468522 0.49141618996311737 0.5079704364615463 0.5038540604623981 0.45797883982155974 0.5047707203692813 0.411395040272941 0.486606204972109
0.5566052120364346 0.4914406275508914 0.5080481473416704 0.5033658725474724 0.45805627238396485 0.5042672260925024 0.4112886551215717 0.4865813567161243
0.5569233152813177 0.4914395661311665 0.5084619995152758 0.5037481352691281 0.4584770676895895 0.5049755677037228 0.41162655972803114 0.48751046238643486
0.5614410435255516 0.4914261921051001 0.5146557298280797 0.5090651949745695 0.46494684600634817 0.5144528539464787 0.41730535342772446 0.4992776048585414
0.561669787491823 0.49144023287118616 0.5147528979512955 0.5087262236105666 0.4650066290870969 0.5137570022869608 0.4174560559532773 0.49829922124810294
0.5646373565231431 0.49163420849498773 0.5164631214100739 0.505022377573347 0.4664754849214269 0.5061342221123399 0.42002234435505115 0.48763812167142173
0.5677971760329749 0.49199617429850284 0.5208966540824738 0.5093265245768605 0.47112118156732763 0.5140596351707436 0.4235981226090724 0.4985174709955008
0.5681187567819573 0.49239923009694264 0.5200352996157506 0.5061098517803514 0.4700428188072585 0.5069769518971515 0.4240846700478797 0.48728308070302595
0.5711865478375353 0.4922495141506245 0.5242645445054273 0.5095216189239764 0.474426752915828 0.5135458616442491 0.4276428175476767 0.49590320335620636
0.5724743877213208 0.49292205132145384 0.5243917214887551 0.506635446523507 0.47439236187879985 0.5068885050036568 0.4286917554634955 0.48660416194617906
0.5918082006682313 0.4996480221738424 0.5438930115341896 0.5139355919549149 0.49474373152303613 0.5047514602928994 0.44820685615743977 0.4864670617190619
0.592327458929733 0.49893705138209204 0.5444688840711223 0.5134131286305302 0.49520186793119375 0.5048831156957203 0.4485264166238126 0.48695542077271664
0.6016586505959964 0.4851734591322242 0.5570440801460838 0.5077464541388639 0.507506448717426 0.5145304848314873 0.4587776365972118 0.5033276785155295
0.6017654507550918 0.4852506841032359 0.5569794407535144 0.5074815929496732 0.5073938930816495 0.5139060354999042 0.4587514737188076 0.5023338689555867
0.6035443251734142 0.4865478396923794 0.5561838935083252 0.5025787321346745 0.5061857033801186 0.5030041541647883 0.4592505462035477 0.4857678256459132
0.603588161155211 0.48655429447799303 0.556181337430607 0.5024474711379416 0.5061857690621784 0.503113161394573 0.4590435143181787 0.48645159431185725
0.6038703134419404 0.4866214303739596 0.5567260567871797 0.5032773321649179 0.5067282604281387 0.5037467565356785 0.4598768728753681 0.486284010921655
0.6061392043927839 0.48702765131239506 0.5604497538593995 0.5073371099451952 0.5104518360614283 0.5068808031763289 0.4652533360654655 0.4855010090212172
0.6536552253810048 0.4913397290298814 0.6090786755575318 0.5139877136164936 0.5590795371387537 0.5142812393902536 0.5180885540141602 0.48565014960171615
0.6536671414546333 0.4913358835084858 0.6090278465739807 0.5138599451439488 0.5590305289158289 0.5143778514963607 0.5176948127116108 0.4862467554301863
0.6536783388117657 0.4913247276898013 0.6092637811297414 0.5142887662263944 0.5592664677091203 0.5148070814974101 0.5181898525462559 0.4862989828803163
0.6536937435600231 0.49132480409062773 0.6090324565941256 0.5138052277198604 0.5590339080011377 0.514186198315344 0.5178181460535864 0.4858796448853909
0.6540025392646143 0.49084996376726103 0.6093003665384397 0.5132489761017203 0.5593038287600669 0.513837372376131 0.5172931875615419 0.486724533607592
0.6579140291172153 0.48623329986020797 0.612885193663248 0.507968156143596 0.5629450807132759 0.5104146063360236 0.5146043665264317 0.49764059553651974
0.664316113896157 0.4894650675143753 0.6202153452783038 0.5130260990561941 0.5702157248775743 0.5128312663511302 0.5209027910766841 0.5045708450574536
0.7337272842732501 0.45383318316990434 0.6923907571212611 0.4819630875958507 0.6493954085184461 0.5074856266255481 0.5993958436279458 0.5076942189567749
0.7972546761137772 0.4877542671926441 0.7495106988115078 0.5026039349114985 0.7000971169317926 0.5102392427518334 0.6533331496456676 0.49254372457173395
0.7978626186628532 0.48608418872300585 0.7574035561942611 0.5154621441345482 0.7109813677741442 0.5340357927337642 0.6660178071411091 0.5121662199167343
0.8027455207090285 0.4853708336788473 0.7868093991570446 0.5327632384488143 0.7553304108232791 0.5716100310253278 0.7054050751790423 0.5743414886600529
0.8018217244728368 0.48150080688074276 0.7662187276559924 0.5166067411036026 0.7201361206262353 0.5360076000882192 0.6743998661767251 0.5158037631028924
0.8007719258170629 0.4773257446720761 0.7525320750606814 0.4904755279023061 0.7030058443100418 0.4836087624603826 0.6731119328034283 0.4435294154742506
0.7996802032496966 0.47298395054965925 0.7514462418395669 0.4598125813464927 0.7130575189262096 0.4277765710911336 0.7077500227190432 0.37805906427501385
0.7984965234943558 0.46827644155590625 0.765277903308196 0.4309063562880392 0.7519065275161831 0.38272745728205554 0.7746921603122735 0.3382211101158172
0.7971615431693225 0.46296720832941546 0.7934021709665792 0.41310873742786014 0.8133877386057189 0.36727668438480554 0.8585392398893411 0.34579781263056625
0.7740815004281663 0.44134678168656305 0.7444939212575287 0.4010407627958161 0.7365470619752014 0.35167632795101217 0.7676878047545072 0.31255786505747407
0.7497451103376036 0.41858579902076043 0.7026593112326762 0.4017653494830571 0.6679278971093907 0.36579690674505627 0.6772271966157091 0.3166692869300094
0.7469926643709177 0.3213160704250866 0.7000321883314969 0.3041488432130121 0.6653651922159282 0.26811830921304014 0.6777140570521629 0.21966724588872902
0.7850433807349932 0.2990613931545338 0.7389056509614562 0.2797919901709416 0.7063005461303826 0.24188543217691236 0.721389830744662 0.19421664270382766
0.8385425353253093 0.2691833444520845 0.7937148687958635 0.24703655431164187 0.764737801293253 0.2062894125842869 0.784834005554455 0.16050576294501015
0.8925536793578425 0.2390193614090487 0.8492304080061627 0.21405750732349002 0.8241744284371632 0.17078860523621864 0.8491095213223077 0.12744992571308117
0.893301 0.238602 0.85 0.213602 0.825 0.170301 0.85 0.127
