147 15.558825605012826
0.193301 0.238602 0.15 0.213602 0.125 0.170301 0.15 0.127
0.1932069539197946 0.2395866966719146 0.14990706180557864 0.2145843099279003 0.12488800339736714 0.17129404870939413 0.14980320991058982 0.12794393354918415
0.18394918763519888 0.33651887746980286 0.14077888373689956 0.3112933970714342 0.11391926811253782 0.2691204075104422 0.13006084861118739 0.22179758659911428
0.17468808777003067 0.4334859620689773 0.13164856880413325 0.4080379796895399 0.10299756841440574 0.3670609107769416 0.10976317131890467 0.31752075920936323
0.1655135199797434 0.529547024365436 0.12260469470801391 0.5038792875388245 0.09223146278009423 0.4641619514970807 0.08945989846073553 0.41423882628216996
0.15831222299709416 0.6047985314694694 0.11536543813129682 0.5791943585734174 0.08346274584460302 0.5406947712397779 0.07330490208711297 0.49173746116050154
0.1537942832620167 0.6436411955515088 0.1039281249527971 0.6399852065635809 0.0574870326905509 0.62145887531615 0.046174563897016484 0.5727554047026987
0.1848196304637191 0.7062993900503491 0.13550531474720282 0.7145515573663792 0.0857976101872171 0.7091530291060868 0.06325366304351249 0.6645237735982716
0.18975473635641396 0.7054961280482679 0.1454471776113404 0.6823263149706478 0.10891774572850939 0.6481854215096148 0.11611307679403306 0.5987058579418395
0.19428854057600944 0.7047581838716566 0.17058059029761258 0.6607362223797255 0.15927128885294922 0.6120320161873057 0.1917343914480411 0.5740037770760803
0.1976844188474029 0.7041801057032828 0.19450765995639271 0.6542811257242453 0.20409565026822307 0.6052090313957958 0.24862773593484971 0.5824737428297753
0.2057341780477033 0.6999079331050427 0.17043103117207514 0.664500478795564 0.148369213747144 0.619630932197576 0.16575528124228597 0.5727510361113605
0.2128475376602709 0.696132727007312 0.16341140286415934 0.6886448316808075 0.12051295862773365 0.6629597488097269 0.10564273034797654 0.6152221712538023
0.22143435710793408 0.6915755255013368 0.18068476694293184 0.7205491497376031 0.13127495509708606 0.7282088163986347 0.08682396268041997 0.7053153834281627
0.2249135177714692 0.6897455497326279 0.19435844013017714 0.7293231599476803 0.14871363992899259 0.7497327707865459 0.09943545714389926 0.741267506384359
0.23152437438720416 0.687411900414417 0.18471910514006837 0.7049978826361505 0.13480874940140614 0.7020051597889452 0.09638097009532098 0.670016008852998
0.23782196026843794 0.6851888364678875 0.18852824732140042 0.676814478946557 0.14507507398447625 0.6520794485857262 0.12665334793345867 0.6055967635374068
0.24404529345161471 0.6829919839139605 0.20547491706872895 0.6511749119920736 0.17719735961924304 0.6099392509122384 0.18298658689704755 0.5602755332953914
0.24620967567042806 0.6820543043409623 0.2125915664894378 0.6450431879690529 0.18954715496900632 0.6006702784670042 0.20202854046865115 0.552253184212916
0.2727874413623628 0.6603148494295685 0.2238339211190835 0.6501387570660508 0.17713588696075194 0.632269968474003 0.1614852520627787 0.5847825214243842
0.31817765858314184 0.6625375210668816 0.26863618812814694 0.6557815825564401 0.2208259999032653 0.6411464911012633 0.19950563339921992 0.5959199284181101
0.3190031046743299 0.6624840155379468 0.2694417520033835 0.6558755118172795 0.22151018835079958 0.6416429714320111 0.19954995188816552 0.59672362131978
0.3197831472760882 0.6625074389069988 0.2702213414140331 0.6559023348433249 0.22212066241954775 0.6422522549802078 0.1990451140147708 0.5978955298326183
0.32069339225707116 0.6628830393027435 0.2711275847019478 0.6563080319713044 0.22301641707994502 0.6426949665543034 0.1998803632624854 0.5983697704040818
0.35284279503074323 0.6762789228422796 0.30316253665196735 0.6706334000659491 0.2546195217137585 0.658651092245298 0.2286920638817544 0.615898701313683
0.35321031283996807 0.6760805378342511 0.30352050010482146 0.6705197366018688 0.2548630458946596 0.6590109508368109 0.22815759948525932 0.6167401674033962
0.35404888106219745 0.6761259136369417 0.3043433645271422 0.6707072767250096 0.25559933082307684 0.659570886903486 0.2283632999395876 0.6176400078080792
0.35479771136442634 0.676288886259015 0.3050862335165373 0.6709252149250465 0.25622566230488536 0.6603117997880094 0.2281361915620841 0.6189477860394705
0.35551073046677456 0.6759969806156096 0.3058165741226217 0.6704751308129716 0.2568906672183551 0.660167093483051 0.2280999883935662 0.6192880424567875
0.3558822700110219 0.6758115540909824 0.3061309109174667 0.6708313665097642 0.25712365271112014 0.6609173036142365 0.22803001973682588 0.6202533082331004
0.36549419234162245 0.6705708846839863 0.3161744215300874 0.6787903863171545 0.26617478455091104 0.6785998556094408 0.2301430175238497 0.643934141064554
0.3707256821727442 0.6635335838815781 0.32124328721469747 0.6707094175764091 0.27124459058819345 0.6703483972849933 0.23394754349796276 0.6370477925104684
0.37147031519642915 0.6629868066520297 0.32205933567276046 0.6706389372384475 0.2720594821519073 0.6707599657195107 0.23447236655030956 0.6377871171808701
0.3889703176682573 0.6511356241521294 0.34230310398036706 0.6690847513344965 0.2934315444599197 0.6796474531687515 0.2503441041956094 0.6542806935911174
0.39098670593273765 0.6517113847994135 0.34427526204612396 0.6695450891265503 0.2953175177893812 0.679700840073249 0.25256706476509505 0.6537701870498811
0.3942770764170517 0.6523427090134707 0.34750680008502227 0.6700215452824566 0.29845699839648016 0.6797229345806289 0.2560953600236615 0.6531618428415732
0.3975945366753346 0.6537176647134151 0.35053576650651874 0.6706135858246941 0.3013149345080221 0.67940617914952 0.2594780636873656 0.6520259629353317
0.40018977958156476 0.6539298026105919 0.3528807516373073 0.6701117640173394 0.30359576903543156 0.678537349452952 0.2616895151152837 0.6512634446650398
0.40309442526797495 0.6529434336386254 0.3557720235875806 0.669086243158638 0.306528066707806 0.6777483855508468 0.2642680835330326 0.6510258515754195
0.4328997072445195 0.6414882164179968 0.38691548348549093 0.6611211266780574 0.33858648896247723 0.6739394061411724 0.2940045212119072 0.6513020884668734
0.433786878032523 0.6406739635823433 0.3876656066320456 0.6599827264739296 0.3393929360785119 0.6730115129726794 0.29447986673130466 0.6510384339482698
0.4343667740040309 0.6410910064384883 0.38823622832771976 0.660377601669523 0.3399512251388765 0.6733606085266959 0.29507012752964307 0.6513222992133556
0.44639595112358293 0.6497332391460848 0.400111394382564 0.668647250018647 0.3515349475800469 0.6804932964495128 0.30753939466059765 0.6567363748620693
0.44766152748959986 0.6496987821062792 0.40134975090433167 0.6685460458205748 0.35273100310267697 0.6802172652169831 0.3088365910789434 0.6562739865548886
0.45993108100233066 0.6461174420438647 0.41323852826504154 0.6640005491250034 0.3644385062388674 0.6748889764790763 0.32046059503055596 0.6510994131002777
0.4696473197013351 0.6365201809858233 0.42408410012782316 0.6571112718286111 0.37605854805341327 0.6710233654147016 0.33023577884531385 0.6510165210333092
0.47106963401551744 0.6352230436213047 0.4255081917624608 0.6558180668021945 0.3776363843974689 0.6702503244083039 0.3313727334708587 0.6512852353512822
0.47203406534936826 0.634725184176232 0.42639539620679073 0.6551485012156931 0.3786049258671362 0.6698478530624447 0.3320608090013912 0.6515818960607469
0.4729976418064916 0.6338835144178825 0.42735017405264275 0.6542871583978516 0.37964093489515016 0.6692480574020283 0.33287709240902297 0.6515522094163373
0.4749722401912752 0.6324039017762874 0.4292668003693449 0.652677351672245 0.38167126179290023 0.6679961214537311 0.33458719039690615 0.6511708362919
0.476326253839469 0.6321396875815414 0.43053142519054155 0.6522104042856197 0.38295055025883656 0.6675746595794323 0.3357729671903127 0.651013389827009
0.4798784901465849 0.6316055030945238 0.4338900712614374 0.6512285846171646 0.3863715179690863 0.6667845189511089 0.3389022931584512 0.651078701688789
0.48057296940755323 0.6311625743722397 0.43444785764598903 0.6504621615435553 0.3870039103937462 0.6662441724777296 0.3392532112529293 0.6514161337819618
0.4812150507506063 0.6306732885456111 0.4349692342459384 0.6496818249389421 0.3875773964588338 0.6656196325410172 0.33960242548337155 0.6515341023804746
0.481750703934197 0.6301740987991309 0.43534293048812717 0.6487837351141763 0.38796062371448337 0.6647498556451101 0.3398558840537207 0.651114093027264
0.4826283937918566 0.6300735858298869 0.4361105622118273 0.6484063800820469 0.3887652052265673 0.6644817392363019 0.34049264325339335 0.6514525504455109
0.48324619078167436 0.629779303832423 0.4366426381882549 0.6478930799619986 0.38933868557373474 0.6640898718370347 0.3409430509376585 0.6515255354768676
0.4842498216316031 0.6290123912865523 0.43760894418817 0.6470298425854084 0.39037648407593745 0.6634339491367072 0.3418532100381608 0.6513719477830828
0.4852978844436269 0.6274168087488845 0.43878977860500556 0.6457742620391314 0.3917462985283951 0.6627127089065852 0.34304309141909994 0.6513991057109139
0.48729546741391483 0.5586401620037825 0.4647621560155657 0.6032747884436334 0.43766602590019754 0.6452962083717014 0.39165051476044704 0.6648556749939664
0.4889488379152681 0.5017147273151046 0.4956535534379703 0.5512631560465955 0.493978411402687 0.6012350871595876 0.4637616126747742 0.641071566354376
0.48948427279667606 0.49552629120858444 0.4992831467324965 0.5445567110475976 0.49965128215065463 0.5945553557923694 0.4703781477456016 0.6350903234388805
0.48963454986580973 0.49545689419504946 0.49906375067236713 0.5445597471890418 0.4990183321926491 0.5945597265606545 0.4694244621707792 0.6348611267488449
0.5023660382065945 0.4895775722612436 0.480682304762264 0.5346310483082172 0.4484087249682724 0.5728202620639474 0.4001557173995238 0.5859216841459314
0.5132520445658898 0.48455048239974463 0.4713323036813604 0.5118036533010162 0.4231437267820052 0.5251401092175978 0.37552266572785786 0.5099008656642855
0.5230828839186009 0.48001066208282483 0.4732575077815689 0.48418581391279203 0.425083460384428 0.4707969694003621 0.391296542635018 0.4339398915319987
0.5322846798980604 0.4757613300735314 0.485809416741254 0.45732088771154905 0.450177530737739 0.4222442758479082 0.4375137558998209 0.3738745662472241
0.5412118443307731 0.47163882120017325 0.507294511398838 0.4349017210589772 0.4924274781854316 0.3871631483589951 0.503111195811827 0.33831790112162874
0.5500442076170464 0.46756009090514733 0.5351390995547227 0.41983339236386485 0.5442981359911147 0.3706794296390057 0.5758049210223468 0.3318551782361039
0.5557458340884945 0.4649271153507837 0.5549030981836252 0.4149342178932983 0.5787880837443402 0.37100805866255704 0.6203908444218601 0.34327341779578163
0.5677525174786723 0.4774057480054037 0.5616114451270731 0.42778430878431273 0.5723126453945983 0.37894288873089577 0.6125700174605538 0.3492891538170064
0.5609607339073799 0.49351658348933597 0.5803251236010831 0.4474186398064514 0.6153392481635617 0.41172534798399213 0.6650976733961669 0.4068162626953426
0.5508107087343275 0.48859313023756906 0.5520957090157298 0.43860964522224827 0.567496353462042 0.39104053601639627 0.6048924247056541 0.3578511724258921
0.5450242381781759 0.483013526137273 0.5301604808509541 0.43527393336442394 0.5306153974084381 0.38527600289799635 0.5571327999773701 0.34288700242620884
0.5331462376723716 0.4714715767173316 0.49168068470529275 0.4435322152870057 0.4627873522698698 0.40272565526565457 0.46152076645752504 0.3527417002362657
0.5201261640242616 0.4588198655630032 0.47067360970342903 0.46619854235122926 0.4224765275349044 0.45289285670784785 0.3915895524324145 0.41357371672465176
0.5049361024554349 0.4440595595479023 0.4784556404234847 0.48647164662899806 0.43531997290130564 0.5117563097158582 0.3859400022658564 0.5039065644943769
0.44870311671514257 0.4656502758192639 0.43207284706380394 0.5128035803834592 0.4009229646452106 0.5519147658079361 0.350922968529164 0.5519344735557283
0.4400291240097443 0.46932595404309646 0.44998939909267266 0.5183238409390882 0.44447784520417916 0.5680191402513394 0.40271630195360136 0.5955141126159395
0.462779858720297 0.5418809714202216 0.4499693764470943 0.5902120333155283 0.4207600913246371 0.6307930345677769 0.371018606600488 0.6358708980394788
0.4886127466653878 0.6237972182141519 0.45318799146306343 0.6590830045714855 0.4063504300479164 0.6765828000183565 0.3613460938132955 0.6547972607759784
0.47672058727325295 0.6707636186125046 0.43733519312022523 0.7015660653888671 0.3887999025301738 0.7135796230359287 0.35034144724257893 0.6816273583760949
0.47658476767488944 0.6715172504044494 0.4371923988348635 0.7023107769509714 0.38866961070422906 0.7143747328539729 0.3502041576225211 0.6824308927714323
0.47670587313188817 0.6761499156840711 0.43696713613010735 0.7064951423515933 0.3884105404470981 0.7184222969023135 0.3501852081611094 0.6861915046125521
0.4766313655443933 0.6783753987790458 0.437311192266142 0.7092610584509437 0.38895622916673134 0.7219810247895246 0.350207418655705 0.6903815044770172
0.47658770369891784 0.6798051642845027 0.43782691531098705 0.7113899910775381 0.3897565982870364 0.7251466120731489 0.3503661544093907 0.6943506231927437
0.476578692012145 0.6801555823092063 0.43796221619827125 0.7119166873862736 0.3899690374132514 0.7259400532486163 0.3504191432835629 0.6953491089295791
0.476705972532653 0.6803743198554915 0.43807246241833675 0.7121147025917948 0.3901333725228236 0.7263218719083725 0.3503310406771448 0.6960601075902355
0.4766508328571402 0.6813169411445918 0.43831562824084264 0.7134169736527779 0.3906093060921835 0.7283871716156758 0.3501861634218394 0.6989598112744388
0.47668096269333377 0.6818956179022825 0.4385359163765789 0.7142213884498291 0.3909597153073724 0.7296001104975947 0.350214589275857 0.7006202087607715
0.47671899784660354 0.6821013027525838 0.4386565860872536 0.7145243317761297 0.3911414485005942 0.7300906961596595 0.3502381823576765 0.7013344304277943
0.47642559639676524 0.684677563920743 0.43892889595787 0.7177531962834923 0.39177985261662723 0.7343955432335356 0.35012603091740496 0.7067376485586078
0.4756878786326757 0.6941437178835297 0.4436758261508764 0.732552421270946 0.3995601264827616 0.7560854840293865 0.354172183616683 0.7351108650248471
0.47314968057215223 0.728504631378909 0.46716116800742924 0.7781447131401446 0.44187018029693537 0.8212766727597544 0.39219272714270426 0.8269468269119068
0.4704045128468052 0.7656674013801974 0.4944442833462178 0.8095090417958521 0.4976836672097095 0.8594039953701862 0.45958569176402125 0.8917852286224843
0.47213763242122286 0.7870714677549854 0.4815367937932601 0.8361800796830617 0.4723467854913695 0.8853282612100641 0.42886232380704387 0.9100082448410234
0.4775515658309094 0.8515949486292285 0.4419950108214379 0.886747919995223 0.40071153557476386 0.9149556258848776 0.3508772130667206 0.9108886491005412
0.47762147502951074 0.8524281293312328 0.4416228370708188 0.8871282455431279 0.40005500679477213 0.9149152116629075 0.35025355446378204 0.9104637685571131
0.47781438204934185 0.8524543687602145 0.44180051723346064 0.8871386813672626 0.4000858379388814 0.9147047026860965 0.3503316942512952 0.9097524117096873
0.5659625207650879 0.8536952329430467 0.5226042577944435 0.8785962576642997 0.4749580847386969 0.8937568049216332 0.4275199329305701 0.8779573823679727
0.6398328809400395 0.8546300681020307 0.5922914197735368 0.8701158509415876 0.5424729493283332 0.8743726105660409 0.49835621019616627 0.8508414965179486
0.6405279787093947 0.8546388646184168 0.5929565283514261 0.8700322758985497 0.5431292443339234 0.8741845966278674 0.49904984658008766 0.8505836073761613
0.6411062279100317 0.8544546652612777 0.5936345433707987 0.8701530462926944 0.5438115112007703 0.8743560767927404 0.49982598136938794 0.8505806027606087
0.6418479614302959 0.8551152510645632 0.5944398399239172 0.8710045561228861 0.5446006334526123 0.8750112378310637 0.5008947369417249 0.8507255504786414
0.6609338927582515 0.8511564358302995 0.6155492663656076 0.8721382300147855 0.566155653169329 0.8799016683906868 0.520278487785182 0.860019875304659
0.6649461818135021 0.8513908535141637 0.6226057150430111 0.8779856814635404 0.5727569302188618 0.8818713797991887 0.53335032690993 0.8510960712604838
0.6674706624545113 0.8510170819174808 0.6255363914613286 0.8782478901366709 0.5756877742643881 0.8821357383272374 0.5366550424314642 0.8508876048524352
0.7046103470332462 0.8550779891042873 0.6669312584014865 0.8879456978756635 0.6180602619911647 0.8985110047742972 0.5753259003210756 0.8725538413574287
0.7712985069994701 0.8759147802430054 0.7420371927238368 0.9164582814098092 0.696666285486891 0.9374697253510631 0.649737194243678 0.9202168880456749
0.7743638929515393 0.8747661103466774 0.7465133796683922 0.9162913907173774 0.7018983569631378 0.9388634918382222 0.6544269117689118 0.9231643870493628
0.8099780865501721 0.8561909755869054 0.803386804794906 0.905754621587 0.7735800657208523 0.9458988404207409 0.7239550484588582 0.9520109318587666
0.8429234673201113 0.8390078015296626 0.8573167198919338 0.886891350692227 0.8469087880036849 0.93579610459008 0.8038029521994603 0.9611315919471299
0.8742791391054051 0.8226537648369044 0.906326620703425 0.861032911820971 0.9161912037354801 0.9100501537017999 0.8859182254346736 0.9498439570485384
0.9044961385893201 0.8068936203345376 0.9487069006791249 0.8302476031948267 0.9766102386539894 0.8717374059162242 0.9630144289974794 0.9198534527175144
0.9022404449714025 0.7877230992747962 0.9302016326292291 0.8291739374420012 0.940602761653386 0.8780801386339037 0.912933842760822 0.9197266382145013
0.8988646241490271 0.762189561922903 0.8953580883443711 0.812066452429937 0.880195393365151 0.8597119420482329 0.8379074415856995 0.8863901941330076
0.8957436770352586 0.7385838008663604 0.8641595632500007 0.7773451702487737 0.8287589052646336 0.8126551322170776 0.7795058462073731 0.8212653687702745
0.9628549773121706 0.7182233739824294 0.9371866502814845 0.7611318461930051 0.9081760420270552 0.8018551148327894 0.8606289261732478 0.8173235269679964
0.9623861162047824 0.6969682568330475 0.9256845490187073 0.7309240364012745 0.8850380858620558 0.7600421584707858 0.8351111753156504 0.7573396405168709
0.9612351096806905 0.6740074567234853 0.9158817560254718 0.6950567634157416 0.8675665804806053 0.7079270319470788 0.8226970549264646 0.6858651717230108
0.9600824472714329 0.6510136242657135 0.9104544416475486 0.657101403647041 0.8607116718642875 0.6520361440989539 0.8281071060248709 0.6141291225010607
0.9585539236909996 0.6205219427170122 0.910674842841064 0.6061138333002517 0.8688867018407938 0.5786593023127895 0.8601668780150112 0.5294255265846645
0.9568121434561886 0.5857761207175691 0.9207251640277837 0.5511678859210083 0.8993023413518186 0.5059897643510033 0.9203457749186543 0.46063368533486504
0.9263286395632198 0.5215256926392415 0.8885727947469205 0.4887461840674595 0.86802669459587 0.44316265887926237 0.8926848811287704 0.39966583328349403
0.8917645903398438 0.4490610638907898 0.8520485727815721 0.41868610793508426 0.8321940052532734 0.37279715340064074 0.8604428237070225 0.33154179913035087
0.8552324813742125 0.3724703352847747 0.8136110258134835 0.34476375778039375 0.7944922969546544 0.29856338757816947 0.8263156163930092 0.25999816568169354
0.812488683847088 0.2828566040033251 0.7688655738900083 0.2584225237531389 0.7506139857598383 0.21187277046994055 0.7862942235978803 0.17684534367577315
0.8121811745123604 0.2822119009005808 0.7685445812472343 0.2578019085160273 0.7502992550219377 0.21124970050252376 0.7860058722999974 0.17624916504150304
0.8128390457505087 0.2815397110323109 0.7691850968377714 0.25716077044162655 0.7503577461763271 0.21084089493368702 0.785212349753208 0.17499181392038232
0.8131411578370347 0.28077778128348296 0.7695009114400019 0.2563743205779546 0.7504925560497562 0.21012842967553913 0.7850616810579181 0.17400398371203576
0.8131677394189993 0.2805087620425147 0.7695777736930846 0.25601560201744705 0.7502930397911631 0.20988427818718955 0.7843638340742725 0.17328945646446425
0.813748844560042 0.28037123942263065 0.7701586816855825 0.25587843026202006 0.7503670739982311 0.20996228642186324 0.7836201834252947 0.17262288747876653
0.8141692482609276 0.27997904532899714 0.7706532689625062 0.25535467638887294 0.7503637107482339 0.20965638509182707 0.7827005471802697 0.1715207192451716
0.8141510130001739 0.2792913854110342 0.7706883252513541 0.254573076940417 0.7502952725145106 0.20892087655453945 0.7823808687187421 0.17057358830336058
0.8144199022429481 0.2790207074261937 0.7709815421018784 0.2542596721438246 0.7502155190652078 0.20877591364432874 0.7816502385698822 0.16989329015179108
0.8147638590880178 0.2791220676154771 0.7714623687526897 0.25412244892359537 0.7506331136329684 0.2086676127545191 0.7817323010934966 0.1695161052574261
0.8152610435272021 0.27894627023029683 0.7718906552165672 0.2540663703554029 0.7505305378943629 0.20885856806440822 0.7808304647837726 0.16908528016289798
0.8156896728925488 0.27890282642468395 0.7723139928010092 0.2540321534020974 0.7504747708184898 0.20905384326044976 0.7799297958567019 0.16865085450963702
0.8160244854856428 0.27857828024936215 0.7726579248893257 0.2536917091306651 0.7504359246927947 0.20890127815187925 0.7791817624936688 0.16799068283567975
0.8162810593739501 0.27821104823432463 0.7729165225491225 0.2533209508868219 0.7503398176059349 0.20870825769409643 0.7784245980728234 0.16734105926192458
0.8168988137740234 0.2776749333616756 0.7735281931072588 0.2527954385320049 0.7503863535375532 0.208473262803257 0.7774679848533682 0.16644249734182068
0.8172922388163175 0.2770469936090888 0.7739109279088446 0.25218614358441804 0.7505041861839186 0.20800329123395742 0.7770976580235054 0.16566197269618507
0.8176158305432023 0.27688459167416957 0.774206669692296 0.25207240204447057 0.7503624029778709 0.2081241262551821 0.7761668571643562 0.1652973805915482
0.8180570620290937 0.2763990445032128 0.7746963957534019 0.25150220494217446 0.7504192248734897 0.2077915772405783 0.77528230539941 0.16441154465919822
0.8182852070808135 0.27594708326033474 0.775008341413408 0.2509048609546898 0.7506090368755536 0.20726229070419885 0.7750892364899005 0.16366504507053836
0.8187656689076682 0.2756818335606761 0.7754969272980142 0.25062557686664866 0.750660591064988 0.20723022685630693 0.774240539643723 0.16313956996593829
0.8924237453997291 0.2390385732845414 0.8491231237765186 0.21403744996890714 0.8241201967721485 0.17073786981835437 0.849093862273524 0.1274214060727367
0.893301 0.238602 0.85 0.213602 0.825 0.170301 0.85 0.127
