200 23.883632653149483
0.193301 0.238602 0.15 0.213602 0.125 0.170301 0.15 0.127 0.2 0.127
0.19322783678679537 0.23876045035954951 0.14975507564075344 0.21405986254591264 0.1244524131825558 0.17093475069067782 0.14912840054785445 0.1274480211338622 0.19912697285505324 0.12707017560746803
0.18610960004512975 0.2541764924068126 0.13670882869701306 0.2618942505146503 0.08989689476380035 0.244326016641192 0.0794451568834077 0.1954306060663787 0.11627420235836314 0.16161313411172684
0.17931665962336685 0.26888803670731176 0.1443364382678507 0.3046145550643962 0.0964386868730936 0.3189604747395528 0.05714532465266646 0.28804071268655 0.06344665247819267 0.2384393692810005
0.1729881518157861 0.2825937542886116 0.16415035607799872 0.33180649010462926 0.13293695882870563 0.3708670051058146 0.0829475723168064 0.3698368419323571 0.05778725860056236 0.3266285254446694
0.1668740861133057 0.29583505229117135 0.18630954252759552 0.34190307844780454 0.18185939353522038 0.3917046464346226 0.1406944198065592 0.42008500827020595 0.09487779620358074 0.40006409416462635
0.1607927619910145 0.30900544150055603 0.20212335281078106 0.3371440673108018 0.22577892495454485 0.38119419678338323 0.2088060056372568 0.4282252504591072 0.15996962386755292 0.43894942015394767
0.15672825479621347 0.3181509841688674 0.2054780772180949 0.32926200634664315 0.24377050028220787 0.36141306131967615 0.24675933705406508 0.4113236499232099 0.20628099300649208 0.44067503256809243
0.14780480338994306 0.37538766832728504 0.19229054736997173 0.39821349980268467 0.22399512809146013 0.4368763962445529 0.22388721780287008 0.48687627979811343 0.18257618217896635 0.5150436072482028
0.13861389518879683 0.4343398703271039 0.17582076950026676 0.4677411952105644 0.19960516606073236 0.5117219009831474 0.1963082492519711 0.5616130859716412 0.15417576824395193 0.5885361995380344
0.12919538029425845 0.4947519841736869 0.1564034425027509 0.5367010169498881 0.17117594425366617 0.5844689265966291 0.1646250882637127 0.6340379318902487 0.12168968993488191 0.659661194179517
0.11949157506169912 0.5569940035385849 0.13443673563947708 0.6047081751787217 0.13933763914965658 0.6544674069330797 0.12946372932510805 0.7034827708996635 0.08574302996736466 0.727741799067952
0.10943448256052123 0.6215020734360045 0.11052439887392487 0.6714901928488187 0.10498974931209508 0.7211829252573685 0.09171929629866744 0.769389720181097 0.04723044313098659 0.7922094910788193
0.09894866861828425 0.6887600427385565 0.08551799232749169 0.7369224444059562 0.0693664725323596 0.7842418739070338 0.052623837740922046 0.8313553982948414 0.007384531918256498 0.852648712003218
0.09871432074131367 0.6942870621816178 0.08404776171094822 0.7420876065949277 0.06692398737970316 0.789063944815915 0.049722291560040335 0.8360118059059348 0.004345273294736725 0.8570100490074494
0.1667256985615069 0.7478996335178018 0.13352398756128836 0.7852847426744963 0.0960014165511899 0.8183310233243988 0.05771380654769093 0.8504878098588142 0.0077767034704708735 0.8479806727953293
0.20235775652000954 0.7118591440217495 0.18040867965194998 0.7567839481352904 0.15430463325700627 0.7994287457290253 0.10646936747852982 0.8139816611724174 0.06340468509913635 0.7885762851357996
0.2321241469042396 0.6917331331506257 0.19180152878248818 0.7212980865212536 0.14855561758518218 0.7463937268740065 0.0991425153722938 0.738755315409661 0.06586722034411735 0.701435685979724
0.26028524027167027 0.672692515059562 0.2110496956222885 0.681402345315011 0.16113045318361996 0.6842429850932007 0.11924910564285973 0.656930849911746 0.09816809483905416 0.6115922241772817
0.28268900437207345 0.6577145450725117 0.23348481304640495 0.6488293013512055 0.1858142907247857 0.6337454920981024 0.15498036594518266 0.5943847364818063 0.1445138645852053 0.5454924840354157
0.29942699899152475 0.6585041154115258 0.25140527687879133 0.6724294234988684 0.20172144474745238 0.6780434082463477 0.15773961614394624 0.6542610880758553 0.12721059174966615 0.6146633776681378
0.30384617918262696 0.6587035961407436 0.2577746125665641 0.6781306584390346 0.20890152682489427 0.6886862962732628 0.16291826473166926 0.669051133751252 0.12876879643908265 0.6325297179061123
0.30434620273909746 0.6589162802837724 0.2582158825710005 0.6782034148866329 0.2092899007375 0.6885110965672041 0.16340035500036415 0.6686578955144944 0.12952786052467502 0.6318794491362907
0.3047355458766382 0.658985336818386 0.25857964885592294 0.6782111832292239 0.20959875233197173 0.6882546774274592 0.1638783862302234 0.6680149115315279 0.13048502708522614 0.630800887763421
0.30526109282818237 0.6589383934680633 0.25904859842233224 0.6780277978796543 0.21003078924382712 0.687889561582951 0.16438763376872073 0.6674762728161877 0.1311531709721612 0.6301202762075561
0.353246315466936 0.6546522167334684 0.3036178753648206 0.6607364531712426 0.25407699758818464 0.6539761699582095 0.2177808850895968 0.6195873313984405 0.20057030051602884 0.5726427281022567
0.3534251378014325 0.6546855989973167 0.303793993733976 0.6607477387643775 0.2542277164906766 0.6541762731561297 0.21765319930803284 0.6200836831568866 0.1998714713623577 0.5733524286127809
0.3535787323388511 0.6547234901223113 0.30394427116113876 0.6607584104696037 0.25435434816093466 0.6543678285842172 0.21751089634443208 0.6205660526213325 0.19916379541525048 0.5740538618806844
0.3537719793204835 0.6546081704167162 0.3041404336617116 0.660667021423404 0.25452245042940247 0.6544980879695332 0.21738546359555672 0.6210190765011107 0.19844590642939858 0.5747449673865115
0.3538732953221149 0.654589211580087 0.30423792638982267 0.6606166613687818 0.25459778851670534 0.6546286139459648 0.2171954086255427 0.6214463599767548 0.1976974997503865 0.5754047315357873
0.3541064723794043 0.6545531782294951 0.3044703863851575 0.6605747201559239 0.25480547805924936 0.6547957166969232 0.21711878325245343 0.6219367295771195 0.19703474930505938 0.5761477398481473
0.35493601184809426 0.6548589369289323 0.305313090872075 0.6609880244472945 0.25563094636229167 0.6553591242963762 0.21782320259894214 0.6226394893423474 0.1975213879041776 0.5769466417609213
0.3568097999415354 0.6555392893935316 0.30721537467343746 0.6618948367599705 0.25747937757799444 0.6567635023407301 0.21918059895645403 0.624620018458328 0.1979171772318309 0.579366655085416
0.3570189513218266 0.6549810610764049 0.3074639575934921 0.6616370806515512 0.25769851857914544 0.6567996144026415 0.2191381215593967 0.6249704488201234 0.19745793642482917 0.5799152651834887
0.3581336623857049 0.6524798822620338 0.3087695972682426 0.6604290378825348 0.2588821224284922 0.6570764487169394 0.21896637307332864 0.6269644419187241 0.19495898375331872 0.5831050614165161
0.358885668849509 0.6524170626810146 0.3095578467882476 0.6605881073322533 0.25965121723075324 0.6575338764616363 0.21950864428666417 0.6277249208035042 0.19508887170056843 0.5840937999510282
0.3595909710527879 0.6523072789071764 0.31028937996512196 0.6606351307445096 0.26035810829833034 0.6580144228750486 0.21979107183090557 0.6287857459934204 0.19449999903086998 0.5856538362672873
0.36044071703347025 0.6526005946977317 0.31115542816884084 0.661024388470732 0.2612180177534003 0.6585233804739732 0.22055251698829362 0.6294318516808157 0.1950925886770122 0.5863993982254943
0.3631377276151145 0.6533901261614059 0.31390954057927756 0.662141446128397 0.2639464507033882 0.6602205999466837 0.22276077167786826 0.6318702940716697 0.1962951683534701 0.5894489334066038
0.3631863861816057 0.6533385754868561 0.3139493535743755 0.6620399903163279 0.26397994360116406 0.6602912573666994 0.22257490405074604 0.6322622955623742 0.19559789034022196 0.590164305927925
0.36366271171269643 0.6530884683528284 0.3143931145917699 0.6616035608092604 0.2644226450954172 0.6598853703908019 0.22288643596074525 0.6320511588747413 0.1955164579247596 0.5902075894487272
0.36384852026283837 0.6531176363217683 0.314576946816678 0.6616212855466382 0.26460036859662467 0.660091047194326 0.2228514992217581 0.6325768343958408 0.19499477195977116 0.5910557223412333
0.3640189350535379 0.6531182534523071 0.3147427802559184 0.6615953147568537 0.2647609261546964 0.6602483698418113 0.22279412864411538 0.6330677166725828 0.19444094991474878 0.5918840153340605
0.36411530526378805 0.6530497455514189 0.31483297930092946 0.6614908561235272 0.2648464931081198 0.6603284456555542 0.2226639338117422 0.6334838616355403 0.19380465659742568 0.5926532099303907
0.3642824091981192 0.6527507441289877 0.3150775536358818 0.661632308692698 0.2650834799054216 0.6608625088269485 0.2227168307613159 0.6343094103203665 0.19363506507075617 0.5936369269400836
0.37106047129266134 0.6412945856987847 0.3274401499329398 0.6657336438736535 0.27934015449874344 0.6793861322633314 0.23163299423704373 0.6644186054213813 0.194986076143204 0.6304038528245535
0.3930795427328037 0.6268156867558757 0.3505517274547011 0.6531098862620707 0.30326827170536996 0.6693664176387527 0.2550630945925795 0.656090089097906 0.21812419883728507 0.6223926414144465
0.3939860112326984 0.6272379601965498 0.3513616329784177 0.6533753353217608 0.30405415546231973 0.6695618287982332 0.2558404125845423 0.6563166410790816 0.21880377041728077 0.6227266554140918
0.3951238378013234 0.6278589073357052 0.35240066136077414 0.6538344765273455 0.30509267560316006 0.6700194845149056 0.2568289973117698 0.6569574265688856 0.219545988313037 0.6236411056435431
0.39589701807552796 0.6287046013212307 0.3531684948249021 0.6546713743363884 0.30587781837360284 0.6709068885191463 0.2575701964392396 0.6580082970050845 0.22019710403181997 0.6247930600812498
0.4028048860618975 0.6367040786557708 0.36022655750568217 0.6629164028060437 0.31308940818984426 0.6795924081543399 0.2644746548831815 0.6679045614351052 0.22688357626849143 0.6349362310469253
0.4065501277385964 0.6352919194561859 0.36389601356238 0.6613807397407886 0.31680639820134976 0.6781905025335893 0.26808220174878955 0.6669676383692006 0.22991794237300017 0.6346645532797316
0.40749369755590653 0.6354794673303574 0.3647003642054936 0.6613392937172542 0.3175725165402705 0.6780415682462974 0.2688384919111833 0.6668614589690354 0.23054016834129723 0.6347174329029635
0.40799167420767934 0.6354442635854839 0.36512539209829964 0.6611829865164894 0.318045620254011 0.6780202987452785 0.2692163790655564 0.667263663353125 0.23045601855614367 0.6356783114763396
0.4086557304518617 0.6349286959655057 0.3657167494234511 0.6605459539811832 0.3186637186043187 0.6774578518857288 0.26977172351179585 0.6669901484187443 0.23067176749594803 0.6358261717861198
0.40950967042899133 0.6347689103935128 0.36656070733937296 0.6603694293243196 0.31955302981492384 0.6774069835430859 0.27060447570129764 0.6672070301027312 0.23124925486691802 0.6363660412554647
0.41042978715501516 0.6351755208506805 0.36735630482506565 0.6605659741741549 0.320347317514106 0.6775999141763397 0.2713450845696811 0.6676610426880709 0.23170014677069006 0.6371933728245232
0.41101173129748697 0.6355897008799859 0.3678892480638309 0.6608968429502208 0.3208580412141818 0.6778693378247383 0.27186006722618267 0.6679094911857905 0.23218592724753914 0.6374798573241253
0.4131706924795569 0.6370412364663054 0.3698685480520146 0.6620397221799694 0.32278842058644563 0.6788760400026342 0.27376661234987115 0.6690341744672533 0.23383352213061828 0.6389451680771944
0.41432186148242833 0.6369825703875829 0.3709436178371228 0.6618487719119113 0.3238978053793237 0.6787807396116677 0.2748054878487179 0.6692968395977403 0.23449539730526536 0.6397148078828858
0.4148835151832568 0.6365412664084729 0.37155909981379465 0.6615011348555283 0.32457789095582945 0.6786115414621596 0.2754357751446307 0.6693891527478011 0.23491085836612224 0.6401021057799867
0.4161672569678686 0.63503569834178 0.37310941209317244 0.6604526610782401 0.3263557419854233 0.6781753677410431 0.27707836080816056 0.669705438325118 0.23602194019858988 0.641168263855139
0.4194900320318703 0.629186031540441 0.3777256612533271 0.6566767087505857 0.33199886976702786 0.6769019538756395 0.2823103819036573 0.6713293266808884 0.2395015295209432 0.645495198910147
0.42020407174938607 0.6291672868493887 0.378373416208851 0.6565569976373672 0.3326268899362176 0.6767375658649286 0.2829346085481126 0.6711988683244059 0.24007743638410728 0.6454449794121502
0.4215802489116613 0.62882356651336 0.37973449195839354 0.6561901999381722 0.33406098487968194 0.6765354881182615 0.2843284553170625 0.6713706547905361 0.24120014073545393 0.6460734517564098
0.4225742713207247 0.6286214019882882 0.3808505730931371 0.6561737704202978 0.33529048196328026 0.6767717823690065 0.2855279579629007 0.6719044211628035 0.24223908392202054 0.6468829626866712
0.432528577714103 0.627116352644717 0.3920313093511002 0.6564416191419704 0.347437350683489 0.6790553063767268 0.29752121592441905 0.6761605713777384 0.2533278095121034 0.6527737624958945
0.4345350911275932 0.6254223908920439 0.3938520816136146 0.6544894295593303 0.3492334481078251 0.677054392313034 0.29930816557916456 0.6743219640095969 0.2548706278720757 0.6514024255646138
0.4354505348044218 0.6253842812582329 0.3948570726813676 0.6545762464689576 0.3503140281997883 0.6772900569883762 0.3003770844308285 0.6747797488368243 0.2558267986895339 0.6520801444268571
0.44037692520268124 0.6258571728166042 0.40040591416728194 0.6558957859138828 0.35622820245739073 0.6793122286001181 0.3062613494060461 0.6774919000184235 0.26148577180887944 0.6552399865986722
0.44860988125024864 0.6212912296417128 0.4084221415758812 0.6510392645325299 0.36422440948448315 0.6744178974689743 0.3142454398250832 0.6729678658193968 0.2691020896822459 0.6514718676364514
0.44955888879002176 0.6203558498506951 0.409335306333915 0.650055402278245 0.3651861286249347 0.673525598434666 0.3152003611273222 0.6723326828154274 0.2698735780962491 0.6512262207704983
0.45082087079160515 0.6196919649364924 0.41054474508972677 0.6493202233808641 0.36642366018053485 0.67284318804172 0.316433928454101 0.6718299151667372 0.2709575526405287 0.6510477294572712
0.4528753171265913 0.6189184634135481 0.4124956226725835 0.6484054143546164 0.36844673366396535 0.6720632962781201 0.31844963028854467 0.6715251010835099 0.2726451302628123 0.651476465783503
0.45300600197270646 0.6186668650533298 0.4125001288267045 0.6479802449451129 0.3684344200108944 0.6716067831291176 0.3184354502030644 0.6712858187141051 0.27246345016609474 0.6516243026840309
0.45399573746146177 0.6188097764325068 0.41341633252470683 0.6480212792178629 0.36931373989842997 0.6715788963223297 0.31931497577026907 0.6712273488055832 0.2733575193638456 0.6515318619963751
0.4573988454147322 0.6191849680058122 0.4164641568005897 0.6478964860441047 0.3722381262889095 0.671221541782086 0.32223889311176507 0.6709446271787567 0.2761742521435498 0.6515011487741753
0.4582298234331421 0.6186289796967818 0.41729909223272116 0.6473461390862284 0.37312176287827103 0.6707633031141043 0.3231218463753557 0.6706719264130486 0.2769705620109282 0.6514350100407775
0.4600588980324656 0.6183261304972026 0.41914367206706377 0.6470653769069489 0.37502851220738503 0.6705994515765634 0.3250287077281996 0.6707392801974739 0.2787776432567161 0.6517435165841132
0.4822270781177924 0.6251408232985933 0.44153240497290225 0.6541915303060063 0.39758339213531585 0.6780344384885596 0.3475884380307518 0.6787447652320602 0.3012189558364159 0.6600399230507114
0.49355136641602676 0.6180275297903125 0.45218161916525684 0.6461085556335294 0.40791322722345974 0.6693531135963608 0.35791464589910293 0.6697297640333433 0.3113969572470835 0.6513966071182404
0.4940891263579998 0.6177714473409315 0.4525828880854851 0.6456503315450246 0.408296292275559 0.6688601878902983 0.35829979107909327 0.6694516843922291 0.3116350758819027 0.6514960625549021
0.49438786578170174 0.6168171126214927 0.45302747582964453 0.6449119189567172 0.40885036010269477 0.6683294859961789 0.35885808554671733 0.6692083970950797 0.31211203204398474 0.6514656103376488
0.49871733823082876 0.6052231497564535 0.45910388645134026 0.6357317458912175 0.4163162285682246 0.6616009618220773 0.3665263785818661 0.6661803546132582 0.31874653321674135 0.6514465032197913
0.4993446645710379 0.6047956500806451 0.4596870301730967 0.6352467918319692 0.41693865502852256 0.6611808702327675 0.3671674880842842 0.6659590436294487 0.3192671112988985 0.6516218924543341
0.4995426664616016 0.6041939024611197 0.459790027185861 0.6345209146880576 0.41702838530938274 0.6604331122796904 0.36726634558499016 0.6653054220469339 0.31929714960742694 0.6512002372815316
0.49953328503779565 0.603775826756903 0.45964512120255874 0.6339243654586925 0.416888232231246 0.6598444049165103 0.3671515069418743 0.6649686763271186 0.3190444030247498 0.6513412571764878
0.4994356349733908 0.6035829128066743 0.4594559130533407 0.6336099312266819 0.4167196043332983 0.6595638888629505 0.36700595187581403 0.6649073670688074 0.3187957979283351 0.6516491222241687
0.49973414375460834 0.6031073306126762 0.45964074208189054 0.6329823894797331 0.41690675945221883 0.6589401769163948 0.3672192528762412 0.6645215468434089 0.31888976396561686 0.651705131524068
0.49929688514224624 0.6022079947989141 0.4595383178344008 0.6325272349877368 0.41707324354848035 0.6589226411390211 0.36742460566277607 0.6648397989106382 0.31902117208435143 0.6523055411416661
0.4623856557083796 0.5262904722587837 0.4633770024347576 0.5762806436094412 0.45602948789550674 0.6257378375259535 0.41744551830042964 0.6575384238458024 0.36886754874173644 0.6693782242476114
0.43354323333456324 0.4669685454560115 0.46775865896289287 0.5034281758583105 0.49304080085601887 0.5465653211196261 0.47194605128619405 0.5918975562353401 0.43136488246866067 0.6211066085548327
0.4279449636739665 0.4531672795241295 0.4673347770763906 0.4839640748139354 0.49843120796430934 0.52311777177901 0.481552877739091 0.5701828540461056 0.4433208067864411 0.6024056526624819
0.4759018521498843 0.42973153945192083 0.48978375155232945 0.477765827923599 0.49250405263624636 0.5276917727019689 0.4553465477713677 0.5611480102701193 0.40593795167529023 0.5688155151977133
0.5176308734047774 0.40946796995625057 0.5043980150025649 0.4576850982252277 0.48095963078031745 0.5018511728193129 0.4331500079072766 0.5164881110489294 0.38577430596875484 0.5005024028746774
0.5169192667955623 0.42315101950292894 0.48348138032047044 0.4603250393027686 0.4397537197642293 0.48457151744451427 0.3932794517023749 0.4661285673520019 0.3560199690254379 0.43278593772194673
0.5162076798826347 0.4368355296972705 0.46955385459810517 0.454819427670752 0.4196930902745836 0.4510905966107222 0.39503868576272705 0.4075916272187269 0.37411563877567156 0.36217988749453806
0.5159594017758448 0.44176111647532357 0.4676505039851372 0.42886730422886327 0.4273189680795901 0.3993145173636696 0.4237270858642797 0.349443700424789 0.42786394797631777 0.2996151305891417
0.5157431574771727 0.4460511848673425 0.4812120135235259 0.4098904313180521 0.45915904304586413 0.3650165358652236 0.4742386261130455 0.3173446765085761 0.4990256335569252 0.27392113149003744
0.5158663413149477 0.446170878942405 0.48112408083597935 0.41021291269274734 0.45879224954022696 0.36547714053021446 0.4735465737489867 0.31770361316261464 0.498080581874498 0.27413662514074943
0.5260371084183839 0.4560535111375875 0.47856270405961077 0.44036335719380165 0.4371248760556993 0.41238289239569204 0.42411691497230497 0.36410460588453986 0.4257471517351505 0.314131189670546
0.535102410558443 0.46486199587401733 0.48541378346516906 0.47043338148134756 0.4358747167481545 0.4636598396598792 0.401256649624342 0.4275822922292235 0.3819954968225608 0.3814411176370392
0.5433582658087596 0.4728820477318119 0.49939218087311854 0.49669346044571866 0.45125091487896724 0.5101997000585928 0.404404659254941 0.4927231919975301 0.36930871149430666 0.45711035090358165
0.5459923644108567 0.47543560266908635 0.49600807421337045 0.47668889172332557 0.44694159928073796 0.4670721855468145 0.4127650432102929 0.43057611705767823 0.3960455527049752 0.38345437433478446
0.5384179562734123 0.4829395873442552 0.49153485739740643 0.4655621583116665 0.4534930782782033 0.43311492358440873 0.4394061901975928 0.3851403513173801 0.45432682180266 0.33741850356914355
0.5309313553892043 0.49035658115879144 0.4936917741582493 0.4569917255507853 0.47617701080614167 0.4101597592807293 0.4849299920751772 0.3609318676043238 0.5252946330631096 0.33142431335265243
0.53007999918784 0.4912000218306196 0.4942991084630675 0.45627541934266147 0.47951047707967115 0.40851250086183555 0.4908341218089351 0.359811627460577 0.5332270615929928 0.3333005230613776
0.5334950205023455 0.49101740560967727 0.5127359552790257 0.4455304711003706 0.5137795214027435 0.39554136258916156 0.5419222249774929 0.35421354828083174 0.5898504529960935 0.339969779151945
0.5377950816230604 0.4907874624147835 0.5396421245152028 0.4408215897359781 0.5602689161726779 0.3952745210496278 0.6039584452341477 0.3709594012599374 0.6538932316430278 0.3735122636337288
0.5421473200528528 0.4905547290695146 0.5664550564670408 0.44686109165606086 0.603503294965161 0.41328389665429804 0.6534688870739578 0.4114292793845243 0.6996156287624287 0.43067709046884095
0.5436200622252239 0.48908410095505844 0.5648769473873652 0.44382766679146646 0.5982552927328942 0.40660017611596433 0.6475422925316848 0.39818639867452843 0.6960716973699307 0.4102237100872004
0.5487009504444831 0.48386791883280345 0.5576134671313698 0.4346686602377193 0.5750634456914775 0.3878125160488108 0.6152013470735626 0.35799727040766244 0.6631728478177082 0.3438999261061839
0.5243003598775604 0.4797615234087414 0.5229411965478403 0.42978000007218087 0.5274061594170983 0.37997975803887196 0.55460055883763 0.3380218667649223 0.598265910326815 0.31366335532998574
0.5240542684543951 0.47972069817998614 0.5225925375789793 0.4297420693187633 0.5269254189395478 0.3799301617151065 0.5539708611909169 0.33787610063382856 0.5975826789238142 0.3134218708558833
0.5239654899132341 0.4796550343375934 0.5227975473276335 0.429668677097675 0.5272662437869162 0.37986876994962104 0.554265463097454 0.33778501825586765 0.5977705908783836 0.3131414824550742
0.5239186133283622 0.47966584261007245 0.5230152627731343 0.4296740036983624 0.527578159116897 0.3798826392165963 0.554507107554039 0.3377538873235038 0.5979129417007043 0.31293587849861654
0.5237538749191136 0.4796705284705257 0.5231370071082121 0.429674333874298 0.5278072842765388 0.379892926590343 0.5546991403991749 0.33774048805733003 0.5980249994278697 0.31278312562806543
0.5227418662562162 0.47912904118916133 0.525473255062638 0.429203701779317 0.533173650912173 0.37980022109464795 0.562349162363871 0.3391949316420183 0.6067574710142465 0.31621881093348725
0.5162556176565023 0.47570063641735816 0.5397284322482887 0.4315528507974698 0.5674491132592627 0.3899407871105072 0.6110288279949467 0.36542939254478735 0.6608961119541205 0.361788789499256
0.5099783917576314 0.47238271375458435 0.5494139068251088 0.4416444615049401 0.5916739431520252 0.41492201158642195 0.6414689788526496 0.41039935533444677 0.6889421670451138 0.4260931886087899
0.5148077379751821 0.4638701815908222 0.5646764795963344 0.4602496002669529 0.6146680631158353 0.45933222509138016 0.6618199749861049 0.47596644304649716 0.6962822670218941 0.51219282055847
0.5061224473203105 0.4585303520332106 0.5504304708974437 0.4353614278741519 0.5966342253095139 0.4162508790011053 0.6465179008806361 0.419659531449659 0.6879603281454996 0.44763318373884886
0.49661670884008136 0.4527904452996776 0.5263871549707781 0.4126193046987527 0.5610663320421808 0.37660049464552775 0.6097408928697253 0.3651642746299078 0.6566514090444059 0.3824675538631928
0.48708927076877134 0.4470374355727039 0.4963124771681514 0.3978954732216293 0.5136148072666508 0.3509846069627063 0.5567439641690076 0.32568884002647996 0.6064281720956397 0.33129949798283376
0.48201495914557974 0.4486769240253973 0.507646610982339 0.40574653357621593 0.5381583509886135 0.3661355032716466 0.5862220650888731 0.3523558303115032 0.6311261816658982 0.3743471994011469
0.47547926927066086 0.45095154332337084 0.5179036075817623 0.4244907134258562 0.5617394956811748 0.400440455328784 0.6116269101670128 0.40379394245686406 0.6416701364279153 0.4437614862372394
0.4455077218352488 0.4088637659478796 0.4821947034371391 0.37489222814131923 0.5229474372211694 0.34592302571653794 0.5699941349539395 0.3628525334601602 0.595656694518416 0.4057644553071213
0.40179268432720805 0.46298001723526305 0.4202913032353714 0.41652787951814024 0.4487468411678508 0.3754148358340097 0.498712756685473 0.3735689521741209 0.5356111294146944 0.4073107673288433
0.3617619296502518 0.5136224992755956 0.3602684219897158 0.463644809904558 0.374359486290306 0.4156714641084116 0.4205205669870602 0.3964580669879712 0.4650974011276388 0.4191054919630836
0.3575893529426396 0.518138689924143 0.3793705607557613 0.47313225720390173 0.4136112292640078 0.4366963323479525 0.4633496435002743 0.44180418407461425 0.49144733009062874 0.48316261741377997
0.3545214835385649 0.5802018720126227 0.3678416002521615 0.5320087761301608 0.3971677257426821 0.49151212980340636 0.44705685116577465 0.4881841928269984 0.4862946426737036 0.5191744448037136
0.35107273739995 0.6508320097312553 0.3539598641535998 0.6009154343368198 0.3768682066075355 0.5564721238614152 0.4251246262459125 0.543383275031787 0.4726708326395812 0.5588544824045378
0.35034589410560946 0.6606079225117786 0.37223801639873927 0.6156553365850196 0.4104336746131713 0.5833893840411027 0.459853641756397 0.5909832531183582 0.4969782841774564 0.6244759526976468
0.3521960973614283 0.7140889263573075 0.3699536276591252 0.6673484715271887 0.40569043314109093 0.6323787598620327 0.4556880171354785 0.6318872369997397 0.4954817510406991 0.6621603065811432
0.35467949888800626 0.7854743137498604 0.3664247747725996 0.7368734033222276 0.3983701641683651 0.6984092369286489 0.4470238050157008 0.6868843407339552 0.49009639556150186 0.7122763068585737
0.35716290041458804 0.8568597011424134 0.3627098367907809 0.8071683387457305 0.3905240894151613 0.7656187617208419 0.43542948940718956 0.7436300134264084 0.4811852241998047 0.7637896943164392
0.359621467925904 0.9275312346610408 0.358945153054657 0.877535808888327 0.38237806165541083 0.8333668288852897 0.42138592223863264 0.8020876535010195 0.46917470966803226 0.8167924757042172
0.3756220387765354 0.9560205893964443 0.38902200535029613 0.9078496344980609 0.4239375549418791 0.8720599097615153 0.4702445397348648 0.8532008758683861 0.5114824886822628 0.8814750967526438
0.3962734644976305 0.9919252677732961 0.4261794406556265 0.95185492225398 0.471676084317071 0.9311171447562937 0.5216735234570771 0.930611101831844 0.5489578108774769 0.9725105965777358
0.42985199463292106 0.974583274592336 0.46311486732130624 0.9372525727436394 0.5091840704113513 0.9178199062604163 0.5589524518999944 0.9226270055937862 0.5859580734975278 0.9647066491537172
0.5145612632446108 0.9296331034903319 0.5548907324755525 0.9000774963818572 0.6020889514510526 0.8835751291110457 0.6489414582878686 0.9010348714661353 0.6756636078850056 0.943295097694922
0.5993559037508133 0.8846376306010669 0.6449755426721628 0.8641718409831293 0.6931174576338337 0.8506679147457991 0.7338869166813081 0.8796135743336597 0.7603240992841269 0.9220526527405386
0.6002304866728728 0.8841735414567057 0.6458945007434228 0.8638069556121264 0.6940451634656952 0.8503342543460118 0.7347366483783685 0.879389426959536 0.7611708855356611 0.9218303400730874
0.6002422336580845 0.884163827534802 0.6459306263940207 0.8638519893804927 0.6940542779660055 0.8502831220962201 0.7348955919418416 0.8791273082127874 0.7616916236177185 0.9213407265347547
0.6007789730899613 0.8842966563083227 0.6464922434123329 0.864040869075194 0.6945578619394491 0.8502678405191451 0.7356718349224938 0.8787220357379433 0.7631112829134913 0.9205200822706384
0.6014355199775837 0.8843970465519047 0.6471612442964023 0.8641693888644856 0.6952072862577698 0.8503282237456629 0.7364117413997059 0.8786512334101773 0.7640852001330675 0.9202947164745527
0.6015005804262566 0.8844096580182421 0.6472400250116334 0.864213044217378 0.6952555948344714 0.8502665373218085 0.7366018616171721 0.8783821241578278 0.7646049773657213 0.9198046483249203
0.6016200323425434 0.8844336637344183 0.6473804888144866 0.8642847028808311 0.6953537133263085 0.8501932256715982 0.7368931448075066 0.8780226279687882 0.7653481420643489 0.9191360458650553
0.6037482388178335 0.8843851498255191 0.649591918225549 0.8644262656291868 0.6975301766605684 0.8502162910262082 0.7392586915153171 0.8777613640523778 0.7683265094276573 0.9184438168031035
0.6045948906662612 0.8843518953378952 0.6504651724954879 0.8644542260043447 0.6984022143298331 0.8502401477657731 0.7401482213193484 0.8777587033316333 0.7693230141456767 0.9183645091177622
0.6081355727384137 0.8838397440117504 0.654178611432817 0.8643451655914388 0.7021637073682545 0.8502941667633535 0.7439672906667578 0.8777251788373746 0.7733773553985357 0.9181609067580221
0.6092644688696994 0.8838487969980627 0.6553465154276169 0.8644466067857717 0.70333129488482 0.8503945272085853 0.7451767136186268 0.8777616777908503 0.7747088223051053 0.9181083574129707
0.6097522491754466 0.8842198452485535 0.6558228489009317 0.8647904901142693 0.7037530163308557 0.8505532484523657 0.7457524700453737 0.8776834140928859 0.775636372330337 0.9177702246946632
0.609844587672969 0.8842850875200294 0.655934315398874 0.8649011509190203 0.7038191507053226 0.8505121777911598 0.7460159275826922 0.8773344077723059 0.7763563143552974 0.9170768401398488
0.6099479463776871 0.8843591381620073 0.6560553271863145 0.8650172293893907 0.7038932324745412 0.8504729928114655 0.7462844054458267 0.8769869222471139 0.7770745593839887 0.9163819272663329
0.6099962432333057 0.884398922782576 0.6561140881147719 0.8650819772815653 0.7039167637418697 0.8504223660012322 0.7464476830380603 0.8767115444558915 0.7775569593188005 0.9158550359875444
0.6423047575177051 0.9038965652559606 0.6920751378982521 0.8991102058068952 0.7420708634913687 0.8984564302966556 0.775934771406192 0.9352427829391284 0.79506532089549 0.981438259733264
0.6685114092730219 0.9017107891079283 0.7142663000030642 0.8815491925867724 0.7630425998573885 0.8705549862706693 0.8080848889985444 0.8922619480323832 0.8337219860634874 0.935189086931717
0.7125667701500054 0.897482293923491 0.7408755068436227 0.8562680315036509 0.7825325451850018 0.8286149818232834 0.8314912715291445 0.8184639663686921 0.8671901983320882 0.8534723457244702
0.713230980863854 0.8973270202017842 0.7413421287907547 0.8559777352958526 0.782904423822983 0.8281824905289145 0.8317796340741066 0.817636694072105 0.8676327363995744 0.8524871611226272
0.7330630520933166 0.8983186283846435 0.7589540558828061 0.8555441509153319 0.7992539276518256 0.8259481995807222 0.8474322643639233 0.8125747979320861 0.8853534666176411 0.8451628696705707
0.7504000779177136 0.8969737470775656 0.7604561504897883 0.847995431422317 0.7869136357492701 0.8055690071828845 0.8272862613979449 0.7760723785919427 0.8744955038163149 0.7925431839846239
0.782866680671662 0.8941727906979191 0.7601824659018303 0.8496146668564001 0.7506251798082224 0.8005365833310124 0.762016570908659 0.7518515116067468 0.8080300141344409 0.7322871807337588
0.7832292746592292 0.8941415090159275 0.7602105984028058 0.8497552437596348 0.7502426061679661 0.8007589262367212 0.7612476119672734 0.7519850618485346 0.8070983057312658 0.732042296710255
0.7840207125389448 0.8938910428780753 0.7608430715519007 0.8495875784731814 0.7505936613162933 0.8006493562964183 0.7611323146668996 0.7517726053246551 0.8067752558876947 0.7313588375020547
0.7840572356118509 0.8938724538863704 0.7609231991892552 0.8495462047917536 0.7505575520951191 0.8006324709297816 0.7607940345491947 0.7516915429965334 0.8062528026208821 0.7308708704472487
0.7841845981325715 0.8938655602808062 0.7610439984418874 0.8495427371988373 0.7505207883009462 0.8006626589631226 0.7604454194363637 0.7516575398751548 0.8057059864445232 0.7304094558650633
0.7842459226526032 0.8938697261136179 0.7611301204455232 0.8495339652842022 0.750472542607265 0.8006830079279592 0.7601020473253725 0.7516190431586507 0.8051606816923121 0.7299460307010701
0.7843264759439282 0.8938613129541256 0.7612302931525434 0.8495153284632279 0.7504326868186122 0.8006951308247765 0.7597524711796106 0.7515713929838458 0.8046113690514479 0.7294879312596487
0.7844533875146018 0.8938483866293938 0.7613510727883811 0.8495055962989393 0.7503956425719294 0.8007205724824804 0.7594067425524579 0.7515392744400241 0.8040566258063939 0.7290362096396489
0.7845465483840921 0.8937914673735575 0.7614287384164508 0.8494567534092156 0.750319228750376 0.8007065862815083 0.7590390504353027 0.751472810174215 0.8034964099595661 0.7285917441122852
0.7845960181922288 0.8937702144298815 0.7614983371243138 0.8494250103004056 0.7502588631367354 0.8007046426449522 0.7586925300989373 0.7514210423141052 0.8029416908965523 0.7281398961072103
0.7847608847821932 0.8937578312432588 0.7616672991691007 0.849410494192081 0.7502698437662587 0.8007268417988985 0.758382133401244 0.7513893230441201 0.8023999029213781 0.7276735905765711
0.7848699439516104 0.8937112428311034 0.7617718390888346 0.8493662594423568 0.7502301152373657 0.8007166077423041 0.7580407723688215 0.7513304392821488 0.8018450751106821 0.7272227006636176
0.7853477263445753 0.892782031287979 0.7622532764150407 0.8484351443346401 0.7504235001543733 0.7998547327099682 0.7574559633355074 0.7503517584396681 0.800821011985842 0.7254625528365535
0.7855974847010199 0.8921314949611597 0.7625057754502432 0.8477831808570407 0.7505825893235651 0.799225610565802 0.7572852604417504 0.749676905235779 0.8004950094217406 0.7245190517286485
0.7856773357547775 0.8921202357086434 0.7626000345833017 0.8477644224409217 0.7505346881696143 0.7992419800465231 0.7569385137849499 0.7496537655446037 0.7999152175122447 0.7240998434046204
0.7857491536445873 0.8921283628713419 0.7626867407345344 0.8477648067608786 0.7504829547985994 0.7992769978927736 0.7565849535399783 0.7496507386003364 0.7993223905615457 0.7236986389390844
0.7858646291273005 0.8920991108196853 0.7627904190032846 0.8477416894884947 0.7504326962937371 0.7992928846587166 0.7562322713313959 0.7496303743578613 0.7987332543555616 0.7232928262187581
0.7859093782001293 0.8921038858907956 0.7628585483441841 0.8477343102454025 0.7503728769545963 0.7993183210481215 0.7558754709683222 0.7496220288411559 0.7981353528260333 0.7228993346399287
0.7860133338354047 0.8920662457077684 0.7629414173129513 0.8477076313472979 0.7503057152967423 0.7993305806459832 0.7555084379198381 0.7496020005606124 0.7975338064051979 0.7225119949557822
0.7861240730495795 0.892053881610875 0.7630614488580925 0.8476904353357912 0.7502815739537205 0.7993512711164069 0.7551740970457376 0.7495912146675434 0.7969434493506707 0.722108106982524
0.7861704296837511 0.8920441888826548 0.7631400476981284 0.8476639961656746 0.7502365136676439 0.7993576942007743 0.7548298934767452 0.7495691326436321 0.7963492784966444 0.7217098313679472
0.7977990712852333 0.8888863540621066 0.774892451024912 0.8444421559227606 0.7614574344750519 0.7962809648006031 0.7656670588335401 0.7464584893225578 0.8070922128068378 0.7184592640066928
0.8894826565582193 0.8639328959497552 0.8674602825810698 0.8190439770007477 0.8520529327992709 0.7714770391898974 0.8580249494534109 0.7218349701648993 0.9024768319431842 0.6989432654857936
0.8725979574448312 0.771704471984707 0.84165475516506 0.7324295660946458 0.8189248183360907 0.6878947485722728 0.8216259039886843 0.6379677605167396 0.8637743698116597 0.6110696782659644
0.854243520943126 0.6770063159636934 0.8155489315096752 0.6453404234517701 0.7858953688593902 0.6050829244963504 0.7851976325160741 0.5550877930934306 0.8245595366534099 0.5242553345037692
0.8357086591977183 0.5813772712239385 0.7910406000325813 0.5589103068001491 0.7551931402540834 0.5240540358087051 0.7510664966351747 0.4742246186694036 0.7872431527201336 0.43971013541221704
0.8355183798767326 0.5803955412305059 0.7907997367136553 0.5580294295064407 0.7548934469818205 0.5232337637175306 0.7507316753972298 0.47340726818274814 0.786873798388958 0.43885662498105366
0.8357076093030839 0.5803271556796776 0.7909660458780252 0.5580069293752368 0.7549066722256322 0.5233699322219455 0.7503939076972285 0.47357399909170705 0.7861854175667631 0.4386602794207954
0.8267780279704449 0.5462512036554572 0.7980389741997599 0.5053358423792118 0.7846959914798437 0.4571490722847552 0.8049258073226412 0.41142430272856717 0.8534934705625226 0.3995422958518868
0.8143236405679104 0.4987243273316374 0.8182723181027419 0.44888049174762645 0.8414044542798805 0.40455325095957023 0.8866747107733808 0.3833258187782464 0.9301474226485544 0.4080264933078646
0.79849781715463 0.4383317983556642 0.8393887466103686 0.4095579927636712 0.8889311914704516 0.4028092034436804 0.9334846670489246 0.42550254638557444 0.938109931615007 0.4752881560302674
0.8017340918103615 0.42146987593683155 0.8361416036867018 0.3851914646364521 0.8833863689575012 0.3688228313854119 0.9311552298099001 0.383592256995914 0.9443410802139991 0.4318222616519445
0.8094378982693307 0.3847388081315936 0.8236502731678174 0.33680126126335197 0.8583122309774169 0.3007658803051112 0.908012859667124 0.295302593030231 0.9396172573028848 0.3340474255899507
0.8174499810013102 0.3465379063232573 0.8074513574095634 0.2975478305295768 0.8210678385926955 0.24943762953031456 0.8640758829769515 0.22393648998240678 0.909044188857556 0.24579630393926355
0.8260166439486668 0.3056928150998638 0.7928685978844958 0.2682601149283881 0.7805819845692866 0.21979322795137535 0.8079994960399818 0.1779807888362711 0.8579961091351086 0.17739882748343694
0.8354163266819421 0.2608759592166691 0.7872504372897511 0.24745779618817595 0.7505799071394408 0.21346850054241145 0.7546221016766181 0.16363216175911383 0.7979909678124616 0.13874960863265015
0.8623131640332867 0.21857947329260435 0.81383532864355 0.2063361291446359 0.7765105561527043 0.17306660317105754 0.7857989931667113 0.12393692845366476 0.8322538103682622 0.10544503945414688
0.8929930022498752 0.2383912697874482 0.8496220666981213 0.2135123238820122 0.8244822404712621 0.17029208397889134 0.849335752746324 0.12690656879705506 0.8993353916074739 0.12671653260422258
0.893301 0.238602 0.85 0.213602 0.825 0.170301 0.85 0.127 0.9 0.127
