162 8.046927669364617
0.193301 0.238602 0.15 0.213602 0.125 0.170301 0.15 0.127 0.2 0.127
0.19398395251449174 0.23914198240584278 0.15057136514888267 0.21433578845708554 0.12536633027088298 0.17115354422639717 0.1501101557132616 0.12770537852890085 0.20010915228865708 0.1273886113374294
0.2482297748806025 0.28203191845062087 0.19889959826227763 0.27387510076203214 0.1595863010031151 0.24298068931574102 0.1620038083159781 0.19303916692812997 0.2056521365018507 0.16865016435364244
0.29879547610070106 0.3229944009901309 0.2494596882087607 0.33111721042292386 0.20197119688991746 0.3154697444216778 0.18312105352370697 0.26915913985778434 0.21109965655018104 0.2277200547727227
0.3009852755911045 0.42197017973519374 0.2522952817425594 0.4105998455699794 0.21133833421687195 0.3819200887826898 0.20374873916305716 0.3324994650824661 0.23749151891507853 0.29560197445496433
0.3038827868871304 0.5157265182088355 0.26269783472331426 0.4873751564203045 0.23120248299222992 0.4485416294193317 0.23476032068693758 0.398668372147141 0.2733063262378049 0.36682177961242063
0.35381316970947013 0.5110035669939218 0.3149977930538532 0.479485849197695 0.28605348993461593 0.4387154271132756 0.2941214119413396 0.3893706337253869 0.3328855465561474 0.3577899138544741
0.35496050434819565 0.5107115548855575 0.3161917440890716 0.4791365136667315 0.2871202889654418 0.43845665996745203 0.29478169385497444 0.3890471176186441 0.3330990001504117 0.3569257222837331
0.3560899876972822 0.5102522791821084 0.31725292960628276 0.4787612817568705 0.2879312915526628 0.4382613861785791 0.2950309094130038 0.38876799847641097 0.3328206354320091 0.35602755548294324
0.35739486821663796 0.5102835766062225 0.31850611228786646 0.4788564440244479 0.28895852598983335 0.43852109793742033 0.2955402776638169 0.38895618550027367 0.3328342587822491 0.35565214712145204
0.35874505514215344 0.5100080360955368 0.31985078305466647 0.47858773057849047 0.2900599289315413 0.4384317221785676 0.29602705961439785 0.38878906560769383 0.3326600382786392 0.3547593010744909
0.35946684772203985 0.5098651190977295 0.3206122015312352 0.47839582502577116 0.29075732034680574 0.43828739611782713 0.29641067247928526 0.38860802806965056 0.3327242182223074 0.3542375989834515
0.3604620016779067 0.5097023542201867 0.3215353722331119 0.4783221451694548 0.29150156239600444 0.4383475248877252 0.2968019983852243 0.3886292648787086 0.33278498202700335 0.3539129158737302
0.36318918612807105 0.5095478556513385 0.32408662133802624 0.47838715240445484 0.2935206816707985 0.4388179303719282 0.2977791768064044 0.38899960824863683 0.33271927394923606 0.3532338479232993
0.36408880164260676 0.5096780588432482 0.3249814782601824 0.478523327936651 0.2942851061032522 0.43905520489535044 0.29818237459010566 0.38920732331206365 0.33270465077717354 0.3530381037066615
0.3649330491263706 0.5097093083129534 0.32557935392497 0.4788663727523544 0.2945071167398202 0.43969347298338407 0.2977778027866659 0.38980056153513354 0.3317851388234956 0.35314676097259784
0.40538997802972226 0.5076817799577616 0.3553957472822128 0.5069222459132471 0.3066198454315174 0.49592627398479394 0.2732699528452943 0.4586732920304942 0.271576293363495 0.4087019850878124
0.4355222170583879 0.4928618473032707 0.385573267020192 0.4951206943724215 0.3361923472217756 0.4872769223294332 0.300445019226964 0.45231796723590445 0.29494020838803175 0.40262192053571333
0.4356618094492955 0.49291512551866873 0.38571093881264457 0.49513109542833933 0.3363019155356477 0.4874663437159104 0.3002637535119985 0.45280727739904014 0.2941191591606764 0.40318627418207864
0.43576193860525214 0.49284928623375623 0.38580909451459994 0.4950203153111744 0.33637123697859617 0.4875438026047188 0.3000387472697486 0.4531933995276589 0.29323933925431894 0.40365787640899475
0.43628421690249586 0.4934827447420147 0.3863408628415027 0.4958621112834026 0.33694420697117156 0.48811805621980203 0.300305431298829 0.45409453322126825 0.2932705993616504 0.40459189551765035
0.44773601990909956 0.5064908834166586 0.3981629226358905 0.513010701415725 0.35000474101297563 0.49956490122479746 0.30772233475614996 0.4728778609030842 0.2958480125993473 0.42430831825219584
0.45008936905992664 0.5051204546435352 0.40044111359278767 0.5110408202631324 0.3523717283549051 0.49728094370656256 0.3101637124697737 0.4704764031389554 0.2981098278900673 0.4219511121399401
0.4511041288808364 0.5044847976655653 0.40148373212338634 0.5106342875332894 0.35326443396819884 0.49740933817909044 0.3105868113740329 0.4713589921216974 0.2973665647404531 0.42313840441325773
0.45132507213619666 0.5043513623120239 0.40170525872347296 0.5105055573760825 0.353424653801473 0.4975062039934811 0.3105117437885974 0.4718452968733724 0.2966309812742089 0.4238106798558594
0.45216795186219066 0.5038132603072811 0.4025731772120709 0.5101660807363377 0.35420820873564796 0.4974842108318398 0.3110971335840043 0.4721576398189819 0.2967459260630987 0.42426147251206786
0.45295650708970847 0.5032973798651539 0.40338027910092056 0.50979334926192 0.35489877994559504 0.4975645210411881 0.3114231963035309 0.4728689014502185 0.29608276730457334 0.4252803393987345
0.45393712238515693 0.5031131338472855 0.4043789374642726 0.5097453512251641 0.35584373539535197 0.49773143595456887 0.3121974609591568 0.47333875820405663 0.2964421784758704 0.4258859282160375
0.4558494290980043 0.5031069519849252 0.40631823563016056 0.5099378284770774 0.3576892004705271 0.4983095465986943 0.31375520370842663 0.4744389804447937 0.29727463868896115 0.4272331441886784
0.45772562075550954 0.5035105301153977 0.4082032488398406 0.5104050699728621 0.3594919319642611 0.4991264349381212 0.3153171471159707 0.4757044712372004 0.2980584007824125 0.42877755278953444
0.4589383247704522 0.5040623061594296 0.4094128300038755 0.5109343777630865 0.3606850605731927 0.49972703702987886 0.31647448823657603 0.4763726949567486 0.2990051342665587 0.42952377104306366
0.4649005510075412 0.5073947598210086 0.4153363633228056 0.5139819670556648 0.36660164718676924 0.5028048724805994 0.32240073400587005 0.479432254442078 0.30447026576847824 0.4327578684387476
0.4663010418530831 0.5078360925664728 0.41672785695559994 0.5143552442842926 0.3679539093281951 0.5033506074052688 0.3236092961702105 0.4802517917674769 0.30514375528501625 0.43378649504167066
0.4667039052894405 0.5077577560392035 0.417128867462692 0.5142628021171692 0.36829690348058214 0.5035185341732875 0.32371681221195164 0.4808775213319728 0.30451816226957185 0.43471030525400295
0.4672877624299577 0.5071933436468954 0.41770882937882386 0.5136686349539481 0.36885127729720374 0.5030413302819357 0.32413574866225736 0.4806689924761253 0.30449022309480117 0.43469015685386947
0.4676373033129218 0.5070389248995131 0.4180509882429683 0.513457441689497 0.36914824700212184 0.5030400572226161 0.32421090434452043 0.48111666252942786 0.3038455201769949 0.4354521125184062
0.468301180587832 0.5067753512940619 0.4187340366373945 0.5133402763200322 0.3697890466535923 0.5031232339160142 0.3247713817760086 0.4813652503474578 0.3041757185196403 0.43580409743151105
0.4717027633871502 0.5055666264627657 0.42225242295487375 0.5129601257108867 0.3730999344212599 0.5037931812388744 0.32768593145692054 0.4828750471262204 0.30594457987598306 0.4378493474488798
0.4804243216311149 0.5034473502242912 0.4314324306116501 0.5134370756628046 0.3818128925157279 0.5072806611911068 0.3353514548820431 0.4888054125321248 0.3104014887322556 0.44547529380248757
0.48112422164083024 0.5034616459356764 0.4321731859961223 0.513649683495017 0.3825207023486939 0.5077648837837394 0.33594506757174003 0.4895794433127526 0.3106819316018896 0.446431164540954
0.4824893148741122 0.5035262574476663 0.43360383095574495 0.5140243268924292 0.3838785831242637 0.5087898519332982 0.3369744934990782 0.4914691597868346 0.3106569451529232 0.44895578954819326
0.4831224136430201 0.5027521864245637 0.43430299010927165 0.5135532921935342 0.38453919683099724 0.5086989252361263 0.33746526891398776 0.49184528140269373 0.31056859973936235 0.4496959138236807
0.483747357433224 0.502153761728138 0.4349719353106658 0.5131518614170053 0.38516407582385287 0.5087726910227527 0.3378339578911921 0.49265251929660714 0.3099736103639825 0.451133836325406
0.4845019228063039 0.5021348293091308 0.43574643927963375 0.5132209840113076 0.3859195125091855 0.5090643785919317 0.33849253359366477 0.49323144863734797 0.3102838303442041 0.45194865487307045
0.48562118281617994 0.5020848704061323 0.4368775276003659 0.5132229167429834 0.38703034151737514 0.5093167626743765 0.33948293271696084 0.49384925103331795 0.3108215232829453 0.4528794620509992
0.48663091692720356 0.5023690881468481 0.4379076681960897 0.5135960660610516 0.3880427784881918 0.5099228148554877 0.34040025599932056 0.4947507994686843 0.3113623849113717 0.4540469662010464
0.4881150385821664 0.5032237475659469 0.4393999202124198 0.5144859517117426 0.3895143094707033 0.5111057385637388 0.34174504934485606 0.4963376043881179 0.3121401416710407 0.45604431162586195
0.4885095843162271 0.5034164534491805 0.4397811008870967 0.5146206893756936 0.38988189401758255 0.5114474963791312 0.3419814904793597 0.49711043458546483 0.3118027175070393 0.4572451406333924
0.4891727058299874 0.50307389389201 0.44047414837827764 0.514407494472696 0.39055788279730197 0.5115150162187586 0.3425454436377093 0.4975577354683255 0.3119599336232709 0.4580036386241718
0.4900164894517359 0.5032276718173639 0.4412812629486162 0.5144025408407403 0.3913575567545545 0.5116414613690464 0.34326288440031294 0.4979702327798468 0.3122695594411124 0.45873486852802164
0.49019002522978045 0.5030716247040818 0.4414593380732645 0.5142662720524253 0.3915235487334862 0.5117331034805993 0.3433156492081785 0.49846666374124815 0.31182715685329876 0.45962757454985903
0.4909217030612248 0.5027342563893015 0.44216239362777643 0.5138035717960118 0.39222146759645093 0.5113737760980827 0.34393778043935386 0.4983858757860391 0.31208048185090026 0.45984871804644817
0.4910981734173671 0.502574826228873 0.44233819054351875 0.5136411747748936 0.39238726001233076 0.5114265553790529 0.34399397443904306 0.49885317431339576 0.3116320569488217 0.4607387899374662
0.49181283084139926 0.5027331854855213 0.4430162679760916 0.5136371046218723 0.3930632404109198 0.5114703011990438 0.34461719281246816 0.4991017737164143 0.31196981411307523 0.461231618395127
0.4926873950059744 0.5026320284199367 0.44392708849431617 0.513696950872857 0.39396379830203343 0.5117813222131881 0.3454622118137453 0.4996324083473682 0.31262729375442205 0.46192474127504024
0.494750215234007 0.5029749044148485 0.4460059127070609 0.5141101175318734 0.39602728799618897 0.5126482447570329 0.3474048586733025 0.5009923721281426 0.3140383250476252 0.46375429438765575
0.495185199893861 0.5026011865850118 0.44641938020129257 0.5136417857404881 0.3964373442702521 0.5123016050854332 0.3477502237166815 0.5009189739220298 0.3140263980345372 0.4640041587205373
0.49526009628209605 0.5025381648293986 0.44648690527660084 0.5135461546159801 0.39650032450973144 0.5123878182066223 0.3477261582379593 0.5013841504320333 0.313554423523272 0.4648835676066998
0.49557208172296624 0.5024258403846467 0.44674791270030867 0.5132054748518708 0.3967622921819352 0.5120064163073619 0.347949057241013 0.5011773768946377 0.31346109131012534 0.46497544040016364
0.49627615363240346 0.5022895460647834 0.44744726221674 0.5130477691112418 0.3974591781388003 0.5119562333963776 0.34859686170472465 0.5013508558596625 0.3138673617968555 0.46538056483846957
0.4973464780090797 0.502074487932423 0.44853115995316284 0.512894133171509 0.39853800321944194 0.5120669211082407 0.3495961550752926 0.5018348391971619 0.3144403444990256 0.4662810913957608
0.49771655854455304 0.5019437696793196 0.44889766501343387 0.5127472707043229 0.3989008243463075 0.512185200151827 0.349857412281815 0.5024515609006329 0.31414100138161954 0.46746101942999546
0.4983758056952958 0.5016625477391005 0.4495505531261715 0.5124372733300943 0.3995525843614356 0.5119865856327999 0.35046375535405994 0.5024846454790927 0.3144945212520526 0.46775405092450734
0.4992277872263407 0.5017687041712323 0.4503545901880227 0.5123238266837257 0.40035645899011585 0.5118915342862783 0.3512228903723513 0.5026237171277764 0.3149217112612544 0.4682402269741568
0.5001090892576725 0.5015412092888384 0.45127844294011243 0.5122914641792751 0.40127872378269736 0.5121238808280111 0.35210051001852694 0.5030959635174926 0.3155720787173504 0.46895399950434274
0.5029380463398808 0.5006310889806154 0.4542754363430181 0.5121180549983781 0.40428109050033995 0.5128699750491095 0.3549533002747862 0.5046987382110435 0.317714287761377 0.47133324785010094
0.5070850361563709 0.49944875490592155 0.4586756342935569 0.5119599423509477 0.40871726138770226 0.5139997895510021 0.35917049746582763 0.5072827824146336 0.32084707340501434 0.475168686315645
0.5077805009946897 0.4991234458659015 0.4594040491852629 0.5117614405774924 0.4094560137496875 0.5140404219566406 0.35986967157059224 0.5076221146020744 0.3212561253729733 0.47585744791022405
0.5086400763311423 0.4984909311670657 0.46024494746134487 0.511057215489637 0.4103062149913935 0.5135316849872527 0.360674133034959 0.5074772287218424 0.3216228953866355 0.47625222530896566
0.5091051866939353 0.4983207975514393 0.4606600545230507 0.5106929101012635 0.41072112214877127 0.5131633419090949 0.36106781161535934 0.5072855231748564 0.32178262518482703 0.47635537401391115
0.5095266238631471 0.4988796849979135 0.4610181931995193 0.5110012424288719 0.41107511901453636 0.5133864763698704 0.361407990140688 0.5076265883997328 0.32195080466726267 0.47691615833899104
0.5099660135461652 0.4991443078442552 0.4613775962902205 0.5109411594819684 0.4114282763640745 0.5131918124795474 0.3617540346003556 0.507493593003289 0.32212799813055754 0.477001344255546
0.5104595328874285 0.499514815616803 0.4618091221435081 0.5110533395452714 0.4118576665530141 0.5132560842855679 0.36217288599056136 0.5076504995291914 0.3223493633401976 0.4774166270726905
0.5111716580997705 0.4990307935393529 0.46253876106311786 0.5106429133209579 0.4125962840652661 0.5130406187488717 0.3628753334039397 0.507765482226094 0.32275503385283616 0.4779265552358397
0.5123590238906592 0.49886963078579943 0.4637163045952177 0.5104405365215178 0.4137833528138771 0.5130290353919678 0.3640246562557894 0.5081227010331876 0.3235527026425587 0.47876250739062953
0.5132046346019139 0.4994034308654279 0.4645275378085645 0.5108288519854957 0.4145908244054807 0.5133437385631109 0.36483189935592353 0.5084397220549255 0.32428559419799396 0.4791822932881994
0.5142831276220359 0.49907706337969837 0.46560916712622824 0.5105158382114957 0.41568308322757036 0.5132335848045718 0.36589048407791447 0.5086841815556076 0.32498950525367676 0.47992466258850286
0.5153371377033616 0.4985223206326671 0.46666080868056165 0.5099510122841256 0.41675027404088033 0.5129407500621209 0.3669247120854826 0.508767816342443 0.3256618852691227 0.4805299140987725
0.5161793662689734 0.4984490322010406 0.4674830748146917 0.5097923649828842 0.41757788635000204 0.5128700531255986 0.3677348081279537 0.508911827089762 0.3262200946504922 0.48104556496359463
0.5170309393174656 0.4984870662564507 0.4683310557542215 0.5098149672503008 0.41843374809797873 0.5130178860220234 0.3685716621299002 0.509306769894502 0.32685274159414673 0.4817471677687185
0.5181257340955115 0.4983982522567027 0.4693909170331054 0.5095749067603461 0.41950011737344023 0.5128776494568258 0.3696126308003641 0.5095252348910019 0.3275767797835411 0.4824514979991087
0.5182937157062183 0.49843027142704444 0.4696335567484974 0.5099276159121563 0.4197631984655605 0.5135258605858142 0.36986174505836716 0.5103881945982187 0.32774770822764576 0.48343623916228345
0.5191754190724744 0.4979587247534523 0.47062441676918343 0.5099086274871916 0.42079038949626785 0.5139792202895124 0.3708670386136801 0.5112117238298902 0.3285580876879661 0.48456678675798986
0.52077380333145 0.4970810776915923 0.47214806450877606 0.508723136098468 0.4223121686329633 0.5127707875477836 0.37237782327441477 0.5102093126575684 0.32977475529434447 0.48403721685525425
0.5214370371308824 0.4978294899625302 0.4727616848867974 0.509262341046763 0.42291209299207183 0.5131376717332095 0.37298443780015866 0.5104489458198027 0.3303795350557999 0.48427983689069065
0.522835455148588 0.4991152266011319 0.4740573256880869 0.5101013126345926 0.4241913122779419 0.513759277448425 0.37426611766471457 0.5110252432805003 0.33149816012717126 0.4851234709846342
0.5237121883239362 0.49914507801088503 0.4749198906481167 0.5100680669568751 0.425063693150704 0.5138574694294277 0.3751288900748939 0.5113049330868717 0.3321688914466716 0.48572293711581555
0.5246112217882992 0.4995829579372979 0.47578606128800394 0.5103581007261618 0.4259262966771742 0.514100275622215 0.3759933848237344 0.5115110066449531 0.3329888459273729 0.48600395596653617
0.525665089007698 0.49950726816096097 0.47678982793786856 0.5100528290922729 0.4269306506398267 0.5138028209805884 0.3769874340881784 0.511420569844548 0.3337369484971192 0.4863328139437589
0.526355076551669 0.4996919875990221 0.4774648956926412 0.5101681613075643 0.4276012427154476 0.5138581629024161 0.3776605207362808 0.5114241768302352 0.33442848638297334 0.4863046385049705
0.5310108082091876 0.5004059511080955 0.4820076367982077 0.5103401944947921 0.43212435133764826 0.51375455119267 0.38218493464094994 0.5112939293213682 0.33883134093641515 0.4863847761261646
0.531525827484938 0.5005591032656028 0.4824872636399684 0.5103171387247942 0.43260242241148494 0.5137086893449381 0.3826596017187044 0.5113181535788871 0.33918578523831044 0.48661942323441343
0.5320019695012397 0.50002666278823 0.48297815344966527 0.5098585222126419 0.4331009883530038 0.5133611500718893 0.38315314156713265 0.5110780378418097 0.3395969149785285 0.48652492957906274
0.5344257173786878 0.4976084646627388 0.48546419992918977 0.5077460091900143 0.4356315984007897 0.5118340190862475 0.38565840959012476 0.5101968263383901 0.3416208158474208 0.4865179256596727
0.5352359154808287 0.49746639225287237 0.4862365669370001 0.5074194743021878 0.43640116601537643 0.5114732151647774 0.38642938348004496 0.5097936466959324 0.34233600889445603 0.4862187804682114
0.5363802254937816 0.49726800822149836 0.4874116719548465 0.5073715107975582 0.4375909848020214 0.5116022473315825 0.3876144959923875 0.5100690916772092 0.3434219304973366 0.4866806938063495
0.5456454128262366 0.49590847670133603 0.4971884340026158 0.5082341086643296 0.4475630246176883 0.51434301555332 0.3975630389547877 0.5143808799129473 0.35267957819858464 0.4923473838093695
0.5690963118987442 0.4986411868081578 0.5202694099208958 0.5094084354467644 0.4704635436695089 0.5138102176936458 0.42052264660186567 0.5113798267623211 0.3774276038503622 0.48602598503673455
0.5702834652886628 0.4986833996996404 0.5214494885312886 0.5094185156310234 0.47164158175490994 0.5137971481293697 0.4217023460738732 0.5113328552097137 0.3785933461097194 0.48600275212878274
0.5842015097826422 0.4958408951041038 0.5356503950639188 0.5077903410983479 0.48590967460247914 0.5128756855288582 0.435955960945737 0.5107247573803105 0.39250110841047253 0.485992677177901
0.5850693803599025 0.49575493700848106 0.5364510732242972 0.5074279919328764 0.48670743955975315 0.5124847606489282 0.4367446534117302 0.5105560304119776 0.3930896062284195 0.4861790565345063
0.5857790136671868 0.49505036581321915 0.5371795378416577 0.5068015763671929 0.4874508943386409 0.512003692797057 0.43748143554839547 0.5102563553339542 0.3936755819535036 0.486151434864828
0.5873084055948247 0.49418092161625227 0.5387005225501136 0.5058973078300851 0.48899456877675707 0.5113119324228842 0.43901319123646565 0.5099474181595466 0.39486711023716864 0.4864713977897414
0.5875768895163536 0.49385003443598435 0.538920259788214 0.5053623054325654 0.4892136809512672 0.510771188896497 0.439227756110483 0.5095848846305219 0.3948887484201931 0.4864753109209007
0.5879713980084719 0.4932545790377561 0.5393480991364294 0.5049068237485418 0.48965723462097044 0.5104582185017813 0.4396679703996034 0.5094221380964292 0.39526423253408416 0.48643718511474465
0.5913087885867083 0.4880520833822575 0.5429200489497632 0.5006429481797183 0.4933726454440613 0.5073552358555528 0.44337395333511276 0.507716881254488 0.39827820757697563 0.48612119384895597
0.5914372664396964 0.48779143845235806 0.5429886241513063 0.5001497983925615 0.4934349863248171 0.5068159050644601 0.4434378181891204 0.5073480501676785 0.39817584303018233 0.48610296591951246
0.5916792345464525 0.48763012568719755 0.5433279125823478 0.5003639257611536 0.49381747698256 0.5073436654926383 0.44382322275976666 0.5081016527660869 0.3984694807368741 0.4870531828805842
0.5940106085013406 0.4864562096446106 0.5464704769558563 0.5019460738350433 0.4973329229172787 0.5111927371849154 0.4473848581878585 0.5134710764453527 0.4014337981752541 0.49376067097722426
0.5973937339367131 0.48693189267904796 0.5493099164227064 0.5006412505516729 0.4998657210010369 0.5080757336610592 0.44986586127228256 0.5081941697404203 0.40473958874866267 0.48666234380475043
0.5996688554628687 0.4853484711470085 0.5515796061304004 0.4990387632782851 0.5021735281809422 0.506722477331532 0.45217727015067455 0.5073341823020008 0.40670162127155335 0.48655040596027493
0.6003814673804959 0.4856678855519336 0.5523399500318587 0.49952474705952565 0.5029530009226395 0.5073304666088948 0.4529569131864717 0.5079559352950873 0.40749851244583485 0.487134460753075
0.6079408544882976 0.48916243675622817 0.5604701362124328 0.5048637394529305 0.511297981034681 0.5139245978656365 0.46130145347843954 0.5145138620831026 0.41615759267128144 0.4930189363697176
0.6081605849144969 0.48905361025824184 0.5606178982893831 0.5045356304257211 0.5114069761150798 0.5133835193691164 0.46140811488430217 0.5137209739963529 0.41635285209138445 0.4920409533630341
0.610263524894371 0.4882150360922647 0.562375774353636 0.502594304089918 0.5129859232544192 0.5103816405021452 0.462996255063494 0.5093652379435064 0.4183996784265243 0.48675671405841187
0.6201766679742663 0.48656098527993447 0.5731154142474842 0.5034499875495607 0.5241787382353499 0.5137067775388015 0.4741826466757881 0.5143319405318777 0.4287052096505246 0.4935520771633857
0.6215667755187105 0.48871484123049 0.5743497483047062 0.5051633165723561 0.5252523605241441 0.5146209332449179 0.4752555550887828 0.5140557374747443 0.43047356991281055 0.49181672212561073
0.6220423447041774 0.48854366933815635 0.5747533159128329 0.5047839820189944 0.5256237650638673 0.5140730741909403 0.475629827367797 0.5132944898079469 0.4309140384877803 0.49092267216078705
0.6248937106625478 0.4880905750456299 0.5772405326349034 0.5032290896314678 0.5279489935265133 0.5116162329071037 0.47798658508252995 0.5096777431659427 0.4336304822849601 0.48660099849492344
0.6275311436715737 0.4893210160415622 0.5798558514757067 0.5043897423991118 0.5305500454375484 0.5126926028054722 0.48060586552355083 0.5103306348297689 0.43636438850979314 0.48703489033337755
0.6290778229156222 0.4886506207825419 0.581872168861956 0.5051317076813355 0.5327813910315492 0.5146235743052214 0.4828108886055536 0.5129063418534057 0.43836761176663447 0.48999793414315235
0.6309919795039949 0.48798791650808937 0.5839612288695013 0.5049616755129792 0.5349104381026225 0.5146580627342013 0.48494776226989456 0.5127264769520666 0.4406876286466627 0.4894661981133755
0.631259665411504 0.48728600153836327 0.5844006060613167 0.5047281503972516 0.5354271318320133 0.514807774493008 0.4854557550487851 0.5131161769082845 0.4411375763947406 0.48996668359227
0.631630496017811 0.4868410606451219 0.5847431600616451 0.5042070540498665 0.5357473190870754 0.5141773884070826 0.4857794981085657 0.5123838258462543 0.44148839006367446 0.4891825813073126
0.6333712301427065 0.48604959963478045 0.5861610342274549 0.5025176718244316 0.537006678266404 0.5116745976215701 0.4870604570703384 0.5093561955352863 0.4428097465151687 0.4860779951030666
0.6340071123976514 0.4854525658371109 0.5867212982221839 0.5017022359187819 0.5375691716101371 0.5108711207753671 0.4876123122151076 0.5087945371904247 0.4431197292601041 0.48598203925635053
0.634568273173073 0.48549593655249773 0.5873724552701046 0.5020051694986358 0.5382643065377628 0.5114067506466232 0.48830190458408196 0.5094680936323912 0.443766843844055 0.4867386333466274
0.6380051254673582 0.485659818518544 0.5912738998122936 0.5034416223858527 0.5423954879996294 0.5139725700484143 0.4924144019336619 0.5125974207233054 0.44773526169164146 0.49015250086972006
0.6390409276902891 0.485338536277595 0.5918861317686466 0.5019645767439311 0.5428108766383021 0.5115363756287591 0.49286257241524006 0.5092632928672995 0.44844295324119793 0.4863090463662038
0.6399704737697224 0.4857072422393181 0.5927632038294894 0.5021837001350548 0.5436658535131159 0.5116415112936312 0.49372107881913174 0.509292153771422 0.449333381836851 0.48627623848201357
0.6417286127357332 0.48679527978099213 0.5944758912651791 0.5031409309954965 0.5453502752543972 0.5124508102407503 0.4954141953300639 0.5099233764056911 0.4511136880216745 0.4867400838824247
0.6446073732880789 0.4881889546346311 0.5973944236177527 0.5046491303149585 0.5482677567350923 0.5139534626929484 0.49834006424737515 0.5112654294245623 0.4541403759479239 0.48789049510954546
0.6485423258895544 0.48621833319898816 0.6013420913809531 0.5027149347378823 0.5522572286482125 0.5122373425483057 0.5023059374427618 0.5100308732173915 0.4579260510280255 0.48699990098834495
0.6509746596312356 0.4886827022147012 0.6038706241198583 0.5054520146198925 0.5547657374855111 0.5148706190084372 0.5048325951770548 0.5122857980855376 0.4608718004494969 0.4884646199677049
0.6514752822820723 0.4883149172074826 0.6043065711906428 0.5049014386623643 0.5551816861822119 0.5142151743741199 0.5052552098065272 0.5115046473574324 0.4613475893977107 0.4875855990896755
0.652948923013304 0.48747981205769203 0.6057024468995985 0.5038435064705397 0.5565688674786414 0.5131112663554579 0.5066460085075275 0.5103349104434277 0.46269293164954106 0.4864994948876641
0.6543649062617056 0.486775044512911 0.6070829228224012 0.5030358575936072 0.5579788897824054 0.5124589111967129 0.5080387053771911 0.5100139200774667 0.4638131319118042 0.48668799776649113
0.6550402338488104 0.48700771752752137 0.6077109971308703 0.5031304763391266 0.5585892758333494 0.5124608834453939 0.508654733558789 0.509903250197616 0.4644715788358682 0.486497079243561
0.6571189128170732 0.4874433164538038 0.6095739116204427 0.5029182271550777 0.5603951105741203 0.5119429447487887 0.5104663453493113 0.5092749111796756 0.46622065922480704 0.48598716205332493
0.6577847213516451 0.4873272094767914 0.6101926701211793 0.5026568102438275 0.5610192916810507 0.5117110276469994 0.511079179432127 0.5092645631439053 0.4666655509547938 0.4862987275292925
0.6583970974287513 0.4869595144648308 0.6108130533034016 0.5023139517608302 0.5616568221997282 0.511460806066123 0.5117115278413683 0.5091225221961057 0.46723999433774666 0.4862690168230506
0.6599059484482798 0.48664860346142413 0.6124103408121473 0.5022744556069731 0.5633164144947849 0.511750024125294 0.5133585948380609 0.5096966719523227 0.46878438611479045 0.4870440801206068
0.6619836744547546 0.4880416730539168 0.6148390703466604 0.5046965913512567 0.5658624708338 0.5147610188142021 0.5159015123026105 0.5127855131460864 0.4715638000443013 0.48967345413570446
0.6621201051482389 0.48813397465808245 0.6149822095789637 0.5048078704626056 0.565971677893265 0.5147057381059481 0.5160265315720926 0.5123642943298399 0.4719524536807162 0.48875337189921697
0.6625660856770711 0.487853352884481 0.6153607609883414 0.5043353831305281 0.5663158207453192 0.5140613194123668 0.5163768539314252 0.5115915838879027 0.47237427471183807 0.48784767894318143
0.6642784021122791 0.48715974383237814 0.6169913279656201 0.5034057469915669 0.5678984525497686 0.5128867587204745 0.517970500250577 0.5102035555582713 0.4740540648991395 0.486300695770727
0.7553487881554303 0.46689937941800697 0.7120923869233555 0.49197693417220417 0.6642146109154927 0.5063893789523558 0.6142525586288661 0.5044417313178027 0.5672004595825255 0.48752724121808755
0.8463804590369253 0.44664762793828583 0.8087826445378502 0.47960827636778647 0.7626131511725144 0.49880144917449587 0.7126278423499688 0.49758946653652314 0.6635449138698665 0.48805709370405564
0.9180293600661741 0.4307079475678308 0.8858937968756097 0.4690133724894427 0.8414046541240199 0.49183257881281583 0.7914086582028855 0.49119981356889564 0.7415352719512016 0.4876437843521496
0.9111898858465383 0.43354964612850616 0.8802768887054946 0.4728483306835625 0.8423103715671266 0.5053835973396392 0.7932444765101939 0.49576393298675936 0.7556774111666729 0.4627682423366818
0.8998270661533445 0.42916395178535466 0.8936576904692569 0.47878188003380723 0.8769453029404004 0.5259061423949871 0.8289931773225021 0.5400692511188971 0.7800816490160062 0.5296932018359162
0.8856847194232371 0.43385741691617863 0.8917634549482868 0.4834865310974382 0.8844208419533144 0.5329444529543669 0.8414810717980857 0.5585603882099092 0.7916457313340745 0.5626148722505835
0.8411221264689052 0.4490109835950703 0.8796650964328699 0.4808612499417888 0.901229354163026 0.5259720334480349 0.8885789000394644 0.5743452286129985 0.860825882234767 0.6159357323696514
0.8405579775052772 0.44951061146335153 0.8785209967260205 0.4820499595152943 0.899211004562085 0.5275683467422555 0.8859534283296184 0.5757786845593704 0.8573795974409486 0.6168096020283438
0.8393576493354606 0.4569656679313049 0.851746655694402 0.5054064825553191 0.8432351662628584 0.5546767022387822 0.8087706278781401 0.59090094265771 0.7605909684013542 0.6042695780667918
0.8381796597790898 0.46428198265442083 0.8210341246386322 0.5112503829331969 0.7866741535538416 0.5475738242218793 0.7393284178619594 0.5636480679613037 0.6934382859491636 0.5437962218752038
0.811624228768645 0.4275219698121128 0.7863037557024056 0.47063662675962714 0.7452068903577739 0.49911552524333275 0.6952366078727559 0.4973919045288199 0.665519443592002 0.4571813319500728
0.8198087784129584 0.40761208396323434 0.7878096041015255 0.4460315171108815 0.7424869184346742 0.467146776141824 0.6939813014802565 0.45501396427188623 0.6739602012423137 0.4091974220053397
0.8371617836625814 0.3677053726008663 0.7944253852397657 0.3936591825301687 0.7446093814879524 0.397944712858999 0.7057836944416039 0.36643969698249124 0.7085862655908319 0.3165183028217357
0.8553483925315127 0.32588162274586774 0.8063385287455814 0.3357827970037251 0.7583027777364301 0.3219059592880633 0.7373930424714971 0.27648808867361885 0.7633900661174473 0.23377796386050337
0.8740009328869138 0.2829863701120868 0.8246078125087366 0.27521979690977305 0.7850371176533141 0.2446557639844696 0.7869329083318942 0.1946917171337289 0.8303053930930563 0.1698154721268401
0.8930923099112082 0.23908192465960804 0.849692068056683 0.21425413766662949 0.8245097965960022 0.17105861470324144 0.8492821700760773 0.1276267196010971 0.8992813774434174 0.1273451833907768
0.893301 0.238602 0.85 0.213602 0.825 0.170301 0.85 0.127 0.9 0.127
